energy: 10252135.000000
duration: 7367978459.000000
power: 1.391445
---
