energy: 1977469.000000
duration: 1147421312.000000
power: 1.723403
---
energy: 2487135.000000
duration: 1196540307.000000
power: 2.078605
---
energy: 3582790.000000
duration: 1208590108.000000
power: 2.964438
---
energy: 3710289.000000
duration: 1509592081.000000
power: 2.457809
---
