w_energy: 38717166
w_duration: 17039311763
w_power: 2.272226
r_energy: 14239715
r_duration: 6897249387
r_power: 2.064550
---
w_energy: 38366538
w_duration: 17051826970
w_power: 2.249996
r_energy: 12083303
r_duration: 6896537737
r_power: 1.752082
---
w_energy: 37284438
w_duration: 17294934376
w_power: 2.155801
r_energy: 13977178
r_duration: 7197705151
r_power: 1.941894
---
