w_energy: 12012847
w_duration: 38406842233
w_power: 0.312779
r_energy: 6194705
r_duration: 16084884215
r_power: 0.385126
---
w_energy: 12084207
w_duration: 38377673847
w_power: 0.314876
r_energy: 5959216
r_duration: 15939507812
r_power: 0.373864
---
w_energy: 12278499
w_duration: 38381901074
w_power: 0.319903
r_energy: 6124864
r_duration: 15968760442
r_power: 0.383553
---
