w_energy: 8108939
w_duration: 9669774180
w_power: 0.838586
r_energy: 664404
r_duration: 1694944228
r_power: 0.391992
---
w_energy: 9141525
w_duration: 9060642338
w_power: 1.008927
r_energy: 836930
r_duration: 1552534923
r_power: 0.539073
---
w_energy: 8249233
w_duration: 9554419775
w_power: 0.863394
r_energy: 819651
r_duration: 1553750756
r_power: 0.527531
---
