w_energy: 53520891
w_duration: 51710382591
w_power: 1.035012
r_energy: 21432386
r_duration: 18471016120
r_power: 1.160325
---
w_energy: 53506689
w_duration: 51101012846
w_power: 1.047077
r_energy: 20928255
r_duration: 18277231596
r_power: 1.145045
---
w_energy: 52785440
w_duration: 51173895751
w_power: 1.031492
r_energy: 21803866
r_duration: 18551889143
r_power: 1.175291
---
