w_energy: 122492673
w_duration: 73209343833
w_power: 1.673184
r_energy: 54361351
r_duration: 32273233176
r_power: 1.684410
---
w_energy: 120813613
w_duration: 73137348638
w_power: 1.651873
r_energy: 50436383
r_duration: 29051963446
r_power: 1.736075
---
w_energy: 121114316
w_duration: 73195942921
w_power: 1.654659
r_energy: 54311512
r_duration: 31485593199
r_power: 1.724964
---
