w_energy: 88201462
w_duration: 42876627405
w_power: 2.057099
r_energy: 41098350
r_duration: 17794186006
r_power: 2.309650
---
w_energy: 90473887
w_duration: 43254241123
w_power: 2.091677
r_energy: 41303162
r_duration: 17784693829
r_power: 2.322399
---
w_energy: 88758869
w_duration: 42489207573
w_power: 2.088974
r_energy: 41686773
r_duration: 17309065261
r_power: 2.408378
---
