w_energy: 375060604
w_duration: 158466181209
w_power: 2.366818
r_energy: 165765406
r_duration: 70715738672
r_power: 2.344109
---
w_energy: 370527963
w_duration: 157761424588
w_power: 2.348660
r_energy: 164935755
r_duration: 72960272781
r_power: 2.260624
---
w_energy: 372699869
w_duration: 158495029537
w_power: 2.351492
r_energy: 167707503
r_duration: 71274792589
r_power: 2.352971
---
