w_energy: 12276810
w_duration: 38447329678
w_power: 0.319315
r_energy: 5969599
r_duration: 16149055099
r_power: 0.369656
---
w_energy: 12377011
w_duration: 38894425016
w_power: 0.318221
r_energy: 5929749
r_duration: 16004253920
r_power: 0.370511
---
w_energy: 12391702
w_duration: 38725395195
w_power: 0.319989
r_energy: 5563786
r_duration: 15880077248
r_power: 0.350363
---
