w_energy: 342652664
w_duration: 124637760934
w_power: 2.749188
r_energy: 157985052
r_duration: 57213833920
r_power: 2.761309
---
w_energy: 337650607
w_duration: 124118775945
w_power: 2.720383
r_energy: 154108881
r_duration: 57077974584
r_power: 2.699971
---
w_energy: 343673095
w_duration: 124823519318
w_power: 2.753272
r_energy: 159991099
r_duration: 57838948570
r_power: 2.766148
---
