w_energy: 7831565
w_duration: 9767505074
w_power: 0.801798
r_energy: 901352
r_duration: 1615874125
r_power: 0.557811
---
w_energy: 7709611
w_duration: 9343987409
w_power: 0.825088
r_energy: 857184
r_duration: 1546826428
r_power: 0.554157
---
w_energy: 8974647
w_duration: 8495525525
w_power: 1.056397
r_energy: 993693
r_duration: 1756385735
r_power: 0.565760
---
