w_energy: 85942950
w_duration: 41413032726
w_power: 2.075263
r_energy: 83451813
r_duration: 30341616948
r_power: 2.750408
---
w_energy: 86441943
w_duration: 41056960043
w_power: 2.105415
r_energy: 84034770
r_duration: 30509760787
r_power: 2.754357
---
w_energy: 87806670
w_duration: 41175262456
w_power: 2.132510
r_energy: 82254714
r_duration: 30548262347
r_power: 2.692615
---
