w_energy: 33946172
w_duration: 15981119510
w_power: 2.124142
r_energy: 25537989
r_duration: 21182463534
r_power: 1.205619
---
w_energy: 36371589
w_duration: 15890835461
w_power: 2.288841
r_energy: 24833494
r_duration: 10281516025
r_power: 2.415353
---
w_energy: 36079786
w_duration: 15792152466
w_power: 2.284666
r_energy: 25521612
r_duration: 10256225336
r_power: 2.488402
---
