w_energy: 345143499
w_duration: 138974981265
w_power: 2.483494
r_energy: 317934063
r_duration: 122793789421
r_power: 2.589171
---
w_energy: 340683910
w_duration: 137788847630
w_power: 2.472507
r_energy: 315231888
r_duration: 121578980552
r_power: 2.592816
---
w_energy: 342742873
w_duration: 137625187485
w_power: 2.490408
r_energy: 315966784
r_duration: 121546624999
r_power: 2.599552
---
