w_energy: 318857187
w_duration: 119920171297
w_power: 2.658912
r_energy: 306326753
r_duration: 108952687821
r_power: 2.811558
---
w_energy: 325346962
w_duration: 120699476015
w_power: 2.695513
r_energy: 314000374
r_duration: 109845531743
r_power: 2.858563
---
w_energy: 326700752
w_duration: 119821790409
w_power: 2.726555
r_energy: 310902488
r_duration: 108978815583
r_power: 2.852871
---
