w_energy: 49981211
w_duration: 31104600318
w_power: 1.606875
r_energy: 33384620
r_duration: 17787551499
r_power: 1.876853
---
w_energy: 50665432
w_duration: 31547150931
w_power: 1.606022
r_energy: 32983861
r_duration: 17892658416
r_power: 1.843430
---
w_energy: 50232950
w_duration: 31166128566
w_power: 1.611780
r_energy: 33507927
r_duration: 18012910808
r_power: 1.860217
---
