w_energy: 104442759
w_duration: 56617454771
w_power: 1.844710
r_energy: 88201625
r_duration: 43331362061
r_power: 2.035515
---
w_energy: 107581097
w_duration: 56621383285
w_power: 1.900008
r_energy: 89428131
r_duration: 43659132469
r_power: 2.048326
---
w_energy: 105617550
w_duration: 56571392372
w_power: 1.866978
r_energy: 88191134
r_duration: 43260981804
r_power: 2.038584
---
