w_energy: 11099432
w_duration: 24932757818
w_power: 0.445175
r_energy: 6876359
r_duration: 13184651708
r_power: 0.521543
---
w_energy: 10114685
w_duration: 25096187898
w_power: 0.403037
r_energy: 7492664
r_duration: 13072795671
r_power: 0.573149
---
w_energy: 10328735
w_duration: 24589016294
w_power: 0.420055
r_energy: 7870305
r_duration: 12266920317
r_power: 0.641588
---
