w_energy: 9618261
w_duration: 25309700173
w_power: 0.380023
r_energy: 9069705
r_duration: 12057513649
r_power: 0.752204
---
w_energy: 9968554
w_duration: 25106287935
w_power: 0.397054
r_energy: 9226345
r_duration: 12044628899
r_power: 0.766013
---
w_energy: 10495631
w_duration: 25651858760
w_power: 0.409157
r_energy: 8301890
r_duration: 12380678287
r_power: 0.670552
---
