w_energy: 8158468
w_duration: 8430668782
w_power: 0.967713
r_energy: 1353786
r_duration: 1746348877
r_power: 0.775209
---
w_energy: 8694036
w_duration: 7583862064
w_power: 1.146386
r_energy: 1756981
r_duration: 1789553704
r_power: 0.981798
---
w_energy: 7868418
w_duration: 7902156710
w_power: 0.995730
r_energy: 1000525
r_duration: 1894320214
r_power: 0.528171
---
