w_energy: 8949368
w_duration: 7716997632
w_power: 1.159696
r_energy: 936529
r_duration: 1803042133
r_power: 0.519416
---
w_energy: 8889192
w_duration: 7755092690
w_power: 1.146239
r_energy: 1499753
r_duration: 1860114042
r_power: 0.806269
---
w_energy: 9411176
w_duration: 8178761052
w_power: 1.150685
r_energy: 1102268
r_duration: 1717760989
r_power: 0.641689
---
