energy: 2544242.000000
duration: 1086284142.000000
power: 2.342151
---
energy: 2607802.000000
duration: 1068522795.000000
power: 2.440567
---
energy: 1636681.000000
duration: 775438160.000000
power: 2.110653
---
energy: 1840196.000000
duration: 968978471.000000
power: 1.899109
---
