energy: 1219124.000000
duration: 767422030.000000
power: 1.588597
---
energy: 2715968.000000
duration: 867226062.000000
power: 3.131788
---
energy: 2053260.000000
duration: 849809799.000000
power: 2.416141
---
energy: 2614720.000000
duration: 964318760.000000
power: 2.711469
---
