energy: 1779085.000000
duration: 931879485.000000
power: 1.909136
---
energy: 2515266.000000
duration: 1136735054.000000
power: 2.212711
---
energy: 2620132.000000
duration: 909941760.000000
power: 2.879450
---
energy: 2311190.000000
duration: 1112985787.000000
power: 2.076567
---
