w_energy: 944639013
w_duration: 422109772692
w_power: 2.237899
r_energy: 145776863
r_duration: 63359024763
r_power: 2.300807
---
w_energy: 939706198
w_duration: 420216695170
w_power: 2.236242
r_energy: 146237365
r_duration: 60966087174
r_power: 2.398667
---
w_energy: 943353095
w_duration: 420551007695
w_power: 2.243136
r_energy: 144705993
r_duration: 60392777888
r_power: 2.396081
---
