w_energy: 128043877
w_duration: 57976704728
w_power: 2.208540
r_energy: 32196196
r_duration: 15885871200
r_power: 2.026719
---
w_energy: 127774921
w_duration: 58049523127
w_power: 2.201136
r_energy: 34074940
r_duration: 15019169075
r_power: 2.268763
---
w_energy: 125490004
w_duration: 57940922309
w_power: 2.165827
r_energy: 32967834
r_duration: 14888819432
r_power: 2.214268
---
