w_energy: 13485886
w_duration: 7416384406
w_power: 1.818391
r_energy: 3506582
r_duration: 1823098291
r_power: 1.923419
---
w_energy: 14169556
w_duration: 7204023605
w_power: 1.966895
r_energy: 4390489
r_duration: 1769576208
r_power: 2.481096
---
w_energy: 14659249
w_duration: 7323802942
w_power: 2.001590
r_energy: 3926810
r_duration: 1755687122
r_power: 2.236623
---
