w_energy: 81226882
w_duration: 111635661343
w_power: 0.727607
r_energy: 23741472
r_duration: 15481413578
r_power: 1.533547
---
w_energy: 81180643
w_duration: 115010386884
w_power: 0.705855
r_energy: 22907387
r_duration: 15112745710
r_power: 1.515766
---
w_energy: 80567081
w_duration: 112617111267
w_power: 0.715407
r_energy: 21666243
r_duration: 15256926803
r_power: 1.420092
---
