w_energy: 1673674971
w_duration: 687742698845
w_power: 2.433577
r_energy: 478818383
r_duration: 192885414333
r_power: 2.482398
---
w_energy: 1728241168
w_duration: 715548828227
w_power: 2.415267
r_energy: 482200301
r_duration: 214740764816
r_power: 2.245500
---
w_energy: 1680137229
w_duration: 689980925760
w_power: 2.435049
r_energy: 484122781
r_duration: 218915974015
r_power: 2.211455
---
