w_energy: 3637394581
w_duration: 1375723050199
w_power: 2.643988
r_energy: 841436758
r_duration: 373470622329
r_power: 2.253020
---
w_energy: 3618947522
w_duration: 1376240943047
w_power: 2.629589
r_energy: 835588670
r_duration: 335390018438
r_power: 2.491394
---
w_energy: 3622777375
w_duration: 1378569864231
w_power: 2.627924
r_energy: 836808165
r_duration: 339863515188
r_power: 2.462189
---
