w_energy: 52001783
w_duration: 20718234680
w_power: 2.509952
r_energy: 11531533
r_duration: 4570431414
r_power: 2.523073
---
w_energy: 51715256
w_duration: 20519297421
w_power: 2.520323
r_energy: 11060521
r_duration: 4453833762
r_power: 2.483371
---
w_energy: 51326818
w_duration: 20592328681
w_power: 2.492521
r_energy: 11971330
r_duration: 4819395369
r_power: 2.483990
---
