w_energy: 3930751
w_duration: 2698675572
w_power: 1.456548
r_energy: 1449514
r_duration: 659804686
r_power: 2.196883
---
w_energy: 4534900
w_duration: 2456552519
w_power: 1.846042
r_energy: 444165
r_duration: 691954494
r_power: 0.641899
---
w_energy: 3083934
w_duration: 2828553294
w_power: 1.090287
r_energy: 1696215
r_duration: 680819403
r_power: 2.491432
---
