w_energy: 2632241
w_duration: 1982297365
w_power: 1.327874
r_energy: 515234
r_duration: 1003578312
r_power: 0.513397
---
w_energy: 3056561
w_duration: 2271071045
w_power: 1.345868
r_energy: 505260
r_duration: 1021453900
r_power: 0.494648
---
w_energy: 2810667
w_duration: 1977271759
w_power: 1.421487
r_energy: 578913
r_duration: 954123438
r_power: 0.606749
---
