w_energy: 99273530
w_duration: 45208838315
w_power: 2.195888
r_energy: 26021277
r_duration: 13672471647
r_power: 1.903187
---
w_energy: 101058950
w_duration: 47915455855
w_power: 2.109110
r_energy: 26489188
r_duration: 13644024909
r_power: 1.941450
---
w_energy: 101718035
w_duration: 46080147408
w_power: 2.207416
r_energy: 27072327
r_duration: 12241569887
r_power: 2.211508
---
