w_energy: 1115632
w_duration: 1049679281
w_power: 1.062831
r_energy: 0
r_duration: 526045391
r_power: 0.000000
---
w_energy: 291160
w_duration: 1023782017
w_power: 0.284396
r_energy: 733024
r_duration: 493655994
r_power: 1.484888
---
w_energy: 664022
w_duration: 804644173
w_power: 0.825237
r_energy: 752194
r_duration: 549985166
r_power: 1.367662
---
