w_energy: 1432150
w_duration: 1166709097
w_power: 1.227512
r_energy: 615169
r_duration: 539268191
r_power: 1.140748
---
w_energy: 1002695
w_duration: 1666640768
w_power: 0.601626
r_energy: 435621
r_duration: 695376955
r_power: 0.626453
---
w_energy: 1843285
w_duration: 1467112657
w_power: 1.256403
r_energy: 591805
r_duration: 489426874
r_power: 1.209180
---
