w_energy: 792659731
w_duration: 357412898241
w_power: 2.217770
r_energy: 216476379
r_duration: 93917750313
r_power: 2.304957
---
w_energy: 794935907
w_duration: 357970115811
w_power: 2.220677
r_energy: 218177771
r_duration: 93812281690
r_power: 2.325685
---
w_energy: 795466533
w_duration: 357488900697
w_power: 2.225150
r_energy: 216866912
r_duration: 103825542247
r_power: 2.088763
---
