w_energy: 54114663
w_duration: 20573131024
w_power: 2.630356
r_energy: 14171265
r_duration: 5969963336
r_power: 2.373761
---
w_energy: 52989605
w_duration: 20790601911
w_power: 2.548729
r_energy: 16018573
r_duration: 5907297333
r_power: 2.711658
---
w_energy: 51365295
w_duration: 20408124034
w_power: 2.516904
r_energy: 14742889
r_duration: 5930945346
r_power: 2.485757
---
