w_energy: 430206147
w_duration: 159618141840
w_power: 2.695221
r_energy: 125203486
r_duration: 48757327717
r_power: 2.567891
---
w_energy: 422673226
w_duration: 165256683463
w_power: 2.557677
r_energy: 122795829
r_duration: 49247457919
r_power: 2.493445
---
w_energy: 431877575
w_duration: 160372677647
w_power: 2.692962
r_energy: 125144831
r_duration: 47802512821
r_power: 2.617955
---
