w_energy: 8585127
w_duration: 4205349815
w_power: 2.041477
r_energy: 1672754
r_duration: 694614886
r_power: 2.408175
---
w_energy: 7994418
w_duration: 4016787918
w_power: 1.990251
r_energy: 2040862
r_duration: 736360593
r_power: 2.771552
---
w_energy: 8854251
w_duration: 4119145598
w_power: 2.149536
r_energy: 1344531
r_duration: 654647104
r_power: 2.053826
---
