w_energy: 2040922
w_duration: 1980349592
w_power: 1.030587
r_energy: 352283
r_duration: 506877259
r_power: 0.695007
---
w_energy: 3719494
w_duration: 1653950797
w_power: 2.248854
r_energy: 519776
r_duration: 410329183
r_power: 1.266729
---
w_energy: 2627572
w_duration: 1796937326
w_power: 1.462250
r_energy: 247294
r_duration: 473180580
r_power: 0.522621
---
