w_energy: 825999
w_duration: 842341257
w_power: 0.980599
r_energy: 468242
r_duration: 484680829
r_power: 0.966083
---
w_energy: 1698406
w_duration: 1008182519
w_power: 1.684622
r_energy: 488058
r_duration: 553949759
r_power: 0.881051
---
w_energy: 478176
w_duration: 989683657
w_power: 0.483160
r_energy: 544882
r_duration: 467856757
r_power: 1.164634
---
