w_energy: 6327088
w_duration: 3789304512
w_power: 1.669723
r_energy: 3471394
r_duration: 1698061747
r_power: 2.044327
---
w_energy: 7108919
w_duration: 3975008858
w_power: 1.788403
r_energy: 3231975
r_duration: 1561474061
r_power: 2.069823
---
w_energy: 5781932
w_duration: 3781283074
w_power: 1.529093
r_energy: 3599313
r_duration: 1624205721
r_power: 2.216045
---
