w_energy: 51111119
w_duration: 20363323610
w_power: 2.509960
r_energy: 12443737
r_duration: 5225357137
r_power: 2.381414
---
w_energy: 52379870
w_duration: 20801535454
w_power: 2.518077
r_energy: 12628158
r_duration: 5772801712
r_power: 2.187527
---
w_energy: 51731198
w_duration: 20304285705
w_power: 2.547797
r_energy: 12462582
r_duration: 5271602970
r_power: 2.364097
---
