w_energy: 16283721
w_duration: 6713270177
w_power: 2.425602
r_energy: 2468657
r_duration: 1616099702
r_power: 1.527540
---
w_energy: 15946398
w_duration: 7025496034
w_power: 2.269790
r_energy: 3389392
r_duration: 1647060717
r_power: 2.057843
---
w_energy: 15606369
w_duration: 6603162679
w_power: 2.363469
r_energy: 4339661
r_duration: 1421853813
r_power: 3.052115
---
