w_energy: 437864335
w_duration: 200744687442
w_power: 2.181200
r_energy: 150743394
r_duration: 65082510744
r_power: 2.316189
---
w_energy: 440370505
w_duration: 200715759966
w_power: 2.194001
r_energy: 150397257
r_duration: 64606891407
r_power: 2.327883
---
w_energy: 436549591
w_duration: 200352656582
w_power: 2.178906
r_energy: 149555053
r_duration: 65509968172
r_power: 2.282936
---
