w_energy: 9574597
w_duration: 9521452197
w_power: 1.005582
r_energy: 2123047
r_duration: 2133056104
r_power: 0.995308
---
w_energy: 10093230
w_duration: 9396350103
w_power: 1.074165
r_energy: 1682156
r_duration: 1807309688
r_power: 0.930751
---
w_energy: 9623452
w_duration: 9236642437
w_power: 1.041878
r_energy: 684503
r_duration: 1711853157
r_power: 0.399861
---
