w_energy: 1920326
w_duration: 1237908929
w_power: 1.551266
r_energy: 673424
r_duration: 667232351
r_power: 1.009280
---
w_energy: 1387279
w_duration: 1233671435
w_power: 1.124513
r_energy: 797114
r_duration: 614968901
r_power: 1.296186
---
w_energy: 1813395
w_duration: 1230430149
w_power: 1.473789
r_energy: 1148956
r_duration: 594040008
r_power: 1.934139
---
