w_energy: 1232913
w_duration: 1721089423
w_power: 0.716356
r_energy: 1167009
r_duration: 459812379
r_power: 2.538011
---
w_energy: 2437463
w_duration: 1619396328
w_power: 1.505168
r_energy: 592220
r_duration: 599855058
r_power: 0.987272
---
w_energy: 3724452
w_duration: 1639338447
w_power: 2.271924
r_energy: 0
r_duration: 316325587
r_power: 0.000000
---
