w_energy: 325639925
w_duration: 135776215281
w_power: 2.398358
r_energy: 104736430
r_duration: 43497984761
r_power: 2.407846
---
w_energy: 327865217
w_duration: 136381146523
w_power: 2.404036
r_energy: 107126164
r_duration: 43969692329
r_power: 2.436364
---
w_energy: 322709420
w_duration: 135919575681
w_power: 2.374267
r_energy: 103924611
r_duration: 45084652147
r_power: 2.305100
---
