w_energy: 1634992
w_duration: 1144572668
w_power: 1.428474
r_energy: 0
r_duration: 412117964
r_power: 0.000000
---
w_energy: 1853043
w_duration: 1342796361
w_power: 1.379988
r_energy: 0
r_duration: 417575677
r_power: 0.000000
---
w_energy: 1780007
w_duration: 1517742311
w_power: 1.172799
r_energy: 283625
r_duration: 416207081
r_power: 0.681452
---
