w_energy: 4896941
w_duration: 2471825155
w_power: 1.981103
r_energy: 699393
r_duration: 624272245
r_power: 1.120333
---
w_energy: 3953750
w_duration: 2718990683
w_power: 1.454124
r_energy: 1404806
r_duration: 736586870
r_power: 1.907183
---
w_energy: 4611803
w_duration: 2560426624
w_power: 1.801185
r_energy: 566430
r_duration: 606529710
r_power: 0.933887
---
