w_energy: 4470869
w_duration: 2998925187
w_power: 1.490824
r_energy: 1436961
r_duration: 1052693232
r_power: 1.365033
---
w_energy: 4571319
w_duration: 2873793997
w_power: 1.590691
r_energy: 1701237
r_duration: 1064881577
r_power: 1.597583
---
w_energy: 5218214
w_duration: 3014659703
w_power: 1.730946
r_energy: 2107577
r_duration: 1027974091
r_power: 2.050224
---
