w_energy: 56016507
w_duration: 68465551642
w_power: 0.818171
r_energy: 12612685
r_duration: 8702663049
r_power: 1.449290
---
w_energy: 56949005
w_duration: 67911055665
w_power: 0.838582
r_energy: 12248712
r_duration: 8069656306
r_power: 1.517873
---
w_energy: 58950443
w_duration: 68395653570
w_power: 0.861903
r_energy: 11923602
r_duration: 8215961713
r_power: 1.451273
---
