w_energy: 2300876
w_duration: 2061588153
w_power: 1.116070
r_energy: 1074584
r_duration: 847786002
r_power: 1.267518
---
w_energy: 1676216
w_duration: 1743480391
w_power: 0.961419
r_energy: 1954963
r_duration: 863237536
r_power: 2.264687
---
w_energy: 2212663
w_duration: 1880031448
w_power: 1.176929
r_energy: 1892188
r_duration: 877812580
r_power: 2.155572
---
