w_energy: 115306101
w_duration: 54539995801
w_power: 2.114157
r_energy: 20709712
r_duration: 9349178919
r_power: 2.215137
---
w_energy: 116925878
w_duration: 54489130533
w_power: 2.145857
r_energy: 20190449
r_duration: 9296934952
r_power: 2.171732
---
w_energy: 115413795
w_duration: 54487857363
w_power: 2.118156
r_energy: 22530492
r_duration: 9466798590
r_power: 2.379948
---
