w_energy: 757620892
w_duration: 341202015765
w_power: 2.220447
r_energy: 188005455
r_duration: 79526192589
r_power: 2.364070
---
w_energy: 761625421
w_duration: 340040061087
w_power: 2.239811
r_energy: 188807714
r_duration: 77694329585
r_power: 2.430135
---
w_energy: 760493162
w_duration: 341046247617
w_power: 2.229883
r_energy: 189707298
r_duration: 86300792890
r_power: 2.198210
---
