w_energy: 16271683
w_duration: 11549674562
w_power: 1.408843
r_energy: 6258903
r_duration: 2863436138
r_power: 2.185801
---
w_energy: 17320244
w_duration: 8656766713
w_power: 2.000775
r_energy: 6321110
r_duration: 3073434240
r_power: 2.056693
---
w_energy: 16762378
w_duration: 8624853336
w_power: 1.943497
r_energy: 6525575
r_duration: 2977469222
r_power: 2.191652
---
