w_energy: 43164839
w_duration: 20357954926
w_power: 2.120293
r_energy: 10164811
r_duration: 4646442594
r_power: 2.187654
---
w_energy: 41296446
w_duration: 19971192912
w_power: 2.067801
r_energy: 9216186
r_duration: 4928517180
r_power: 1.869971
---
w_energy: 43298838
w_duration: 20003333292
w_power: 2.164581
r_energy: 10205728
r_duration: 4847943987
r_power: 2.105166
---
