w_energy: 221729840
w_duration: 162109261252
w_power: 1.367780
r_energy: 55553501
r_duration: 27186853353
r_power: 2.043396
---
w_energy: 222091481
w_duration: 162472024450
w_power: 1.366952
r_energy: 54173906
r_duration: 27670461846
r_power: 1.957824
---
w_energy: 224303401
w_duration: 163936032500
w_power: 1.368237
r_energy: 52456724
r_duration: 27044304633
r_power: 1.939659
---
