w_energy: 327635425
w_duration: 146756662410
w_power: 2.232508
r_energy: 79304326
r_duration: 34411745028
r_power: 2.304571
---
w_energy: 326312676
w_duration: 146206426483
w_power: 2.231863
r_energy: 80213950
r_duration: 34134763127
r_power: 2.349920
---
w_energy: 329328840
w_duration: 146496342812
w_power: 2.248035
r_energy: 78356473
r_duration: 34414740045
r_power: 2.276829
---
