w_energy: 13381563
w_duration: 11547048562
w_power: 1.158873
r_energy: 2246510
r_duration: 2054284733
r_power: 1.093573
---
w_energy: 12720140
w_duration: 11300552585
w_power: 1.125621
r_energy: 2581714
r_duration: 2142298310
r_power: 1.205114
---
w_energy: 14008646
w_duration: 11504221110
w_power: 1.217696
r_energy: 2073957
r_duration: 2032763748
r_power: 1.020265
---
