w_energy: 3012501
w_duration: 1479590450
w_power: 2.036037
r_energy: 0
r_duration: 612487847
r_power: 0.000000
---
w_energy: 1381171
w_duration: 1536666756
w_power: 0.898810
r_energy: 1039981
r_duration: 804364095
r_power: 1.292923
---
w_energy: 2191070
w_duration: 1613382456
w_power: 1.358060
r_energy: 929692
r_duration: 762731606
r_power: 1.218898
---
