w_energy: 2604851
w_duration: 1810204293
w_power: 1.438982
r_energy: 274861
r_duration: 937578895
r_power: 0.293160
---
w_energy: 1222769
w_duration: 1811235987
w_power: 0.675102
r_energy: 1874074
r_duration: 1004058143
r_power: 1.866499
---
w_energy: 1900202
w_duration: 1845306244
w_power: 1.029749
r_energy: 1039430
r_duration: 872210129
r_power: 1.191720
---
