w_energy: 1205698
w_duration: 1000539156
w_power: 1.205048
r_energy: 271642
r_duration: 526731911
r_power: 0.515712
---
w_energy: 746281
w_duration: 852594884
w_power: 0.875306
r_energy: 1135414
r_duration: 511030066
r_power: 2.221814
---
w_energy: 865151
w_duration: 956412244
w_power: 0.904580
r_energy: 1548175
r_duration: 529224875
r_power: 2.925363
---
