w_energy: 939931020
w_duration: 420138634146
w_power: 2.237193
r_energy: 192075751
r_duration: 88820204173
r_power: 2.162523
---
w_energy: 943079964
w_duration: 420489892435
w_power: 2.242812
r_energy: 188272082
r_duration: 77446376591
r_power: 2.430999
---
w_energy: 944813600
w_duration: 420827229309
w_power: 2.245134
r_energy: 190309802
r_duration: 83463073626
r_power: 2.280168
---
