w_energy: 1273601
w_duration: 1469686881
w_power: 0.866580
r_energy: 321981
r_duration: 531841260
r_power: 0.605408
---
w_energy: 1347539
w_duration: 899042202
w_power: 1.498861
r_energy: 462523
r_duration: 309862054
r_power: 1.492674
---
w_energy: 1255945
w_duration: 1777962277
w_power: 0.706396
r_energy: 117720
r_duration: 455082413
r_power: 0.258678
---
