w_energy: 5634397
w_duration: 4318107701
w_power: 1.304830
r_energy: 4234740
r_duration: 2492818659
r_power: 1.698776
---
w_energy: 6006384
w_duration: 4356171137
w_power: 1.378822
r_energy: 4267587
r_duration: 2444468284
r_power: 1.745814
---
w_energy: 5508553
w_duration: 4264398260
w_power: 1.291754
r_energy: 4064813
r_duration: 2545120977
r_power: 1.597100
---
