w_energy: 8916245
w_duration: 4104521914
w_power: 2.172298
r_energy: 1050187
r_duration: 846505858
r_power: 1.240614
---
w_energy: 10692590
w_duration: 4298861069
w_power: 2.487308
r_energy: 656431
r_duration: 678233065
r_power: 0.967855
---
w_energy: 9016890
w_duration: 4367157870
w_power: 2.064704
r_energy: 1320090
r_duration: 762589624
r_power: 1.731062
---
