w_energy: 1000403
w_duration: 853889468
w_power: 1.171584
r_energy: 642968
r_duration: 623392515
r_power: 1.031402
---
w_energy: 491920
w_duration: 868317052
w_power: 0.566521
r_energy: 1079831
r_duration: 669541064
r_power: 1.612793
---
w_energy: 611097
w_duration: 827063541
w_power: 0.738876
r_energy: 1082608
r_duration: 680612936
r_power: 1.590637
---
