w_energy: 10317818
w_duration: 11162309300
w_power: 0.924344
r_energy: 1289058
r_duration: 1678731061
r_power: 0.767876
---
w_energy: 11045033
w_duration: 10432543124
w_power: 1.058710
r_energy: 1203187
r_duration: 1548875752
r_power: 0.776813
---
w_energy: 10799823
w_duration: 10815698400
w_power: 0.998532
r_energy: 1562284
r_duration: 1634329253
r_power: 0.955918
---
