w_energy: 33828811
w_duration: 18140300128
w_power: 1.864843
r_energy: 6669229
r_duration: 4233595385
r_power: 1.575311
---
w_energy: 35681177
w_duration: 17662630270
w_power: 2.020151
r_energy: 7003772
r_duration: 4261537787
r_power: 1.643485
---
w_energy: 35884045
w_duration: 18313192055
w_power: 1.959464
r_energy: 6764035
r_duration: 4573472138
r_power: 1.478972
---
