w_energy: 59976421
w_duration: 87439181716
w_power: 0.685922
r_energy: 13376746
r_duration: 8969339433
r_power: 1.491386
---
w_energy: 58501933
w_duration: 88041897793
w_power: 0.664478
r_energy: 13189469
r_duration: 9662657506
r_power: 1.364994
---
w_energy: 59491019
w_duration: 86183961453
w_power: 0.690279
r_energy: 13657638
r_duration: 8904907344
r_power: 1.533720
---
