w_energy: 2658109940
w_duration: 1044664834486
w_power: 2.544462
r_energy: 653778581
r_duration: 276910275395
r_power: 2.360976
---
w_energy: 2636582564
w_duration: 1044799941335
w_power: 2.523529
r_energy: 651981860
r_duration: 264942732803
r_power: 2.460841
---
w_energy: 2663480533
w_duration: 1047048410734
w_power: 2.543799
r_energy: 657106327
r_duration: 255852317058
r_power: 2.568303
---
