w_energy: 51783833
w_duration: 21986570935
w_power: 2.355248
r_energy: 16570768
r_duration: 7658668568
r_power: 2.163662
---
w_energy: 49269877
w_duration: 21463908948
w_power: 2.295475
r_energy: 16641984
r_duration: 7737303641
r_power: 2.150876
---
w_energy: 49438325
w_duration: 21740927838
w_power: 2.273975
r_energy: 16789474
r_duration: 7579290915
r_power: 2.215177
---
