w_energy: 12190789
w_duration: 4972730912
w_power: 2.451528
r_energy: 627926
r_duration: 980199444
r_power: 0.640610
---
w_energy: 12636641
w_duration: 4967190079
w_power: 2.544022
r_energy: 573094
r_duration: 915018864
r_power: 0.626319
---
w_energy: 11902360
w_duration: 5084300092
w_power: 2.341003
r_energy: 1657863
r_duration: 1087503263
r_power: 1.524467
---
