w_energy: 2270857
w_duration: 870696542
w_power: 2.608092
r_energy: 370358
r_duration: 580957375
r_power: 0.637496
---
w_energy: 378359
w_duration: 973857362
w_power: 0.388516
r_energy: 1014738
r_duration: 644817247
r_power: 1.573683
---
w_energy: 1033016
w_duration: 866836309
w_power: 1.191708
r_energy: 1064127
r_duration: 739809015
r_power: 1.438381
---
