w_energy: 3363782575
w_duration: 1276226825727
w_power: 2.635725
r_energy: 482331694
r_duration: 196272193424
r_power: 2.457463
---
w_energy: 3361549137
w_duration: 1268436001771
w_power: 2.650153
r_energy: 480503025
r_duration: 210406111266
r_power: 2.283693
---
w_energy: 3387727233
w_duration: 1270735374905
w_power: 2.665958
r_energy: 481852371
r_duration: 203408168299
r_power: 2.368894
---
