w_energy: 487597549
w_duration: 190602321160
w_power: 2.558193
r_energy: 223268015
r_duration: 94799713696
r_power: 2.355155
---
w_energy: 497224797
w_duration: 191651494329
w_power: 2.594422
r_energy: 224115866
r_duration: 87353415695
r_power: 2.565622
---
w_energy: 491500702
w_duration: 189728000537
w_power: 2.590554
r_energy: 220790236
r_duration: 86511590413
r_power: 2.552146
---
