w_energy: 64423998
w_duration: 78042272829
w_power: 0.825501
r_energy: 16505282
r_duration: 10317616930
r_power: 1.599718
---
w_energy: 66416129
w_duration: 78307159987
w_power: 0.848149
r_energy: 15802669
r_duration: 9721032838
r_power: 1.625616
---
w_energy: 63561348
w_duration: 78363055503
w_power: 0.811114
r_energy: 16831859
r_duration: 9753357269
r_power: 1.725750
---
