w_energy: 42396867
w_duration: 19858461486
w_power: 2.134952
r_energy: 12461743
r_duration: 6714370825
r_power: 1.855981
---
w_energy: 43270486
w_duration: 19870739752
w_power: 2.177598
r_energy: 13347281
r_duration: 7903534789
r_power: 1.688774
---
w_energy: 42537515
w_duration: 19965228068
w_power: 2.130580
r_energy: 12292448
r_duration: 6237247872
r_power: 1.970813
---
