w_energy: 11955532
w_duration: 11947118475
w_power: 1.000704
r_energy: 2475257
r_duration: 2728821197
r_power: 0.907079
---
w_energy: 12879829
w_duration: 11966529232
w_power: 1.076321
r_energy: 1970705
r_duration: 2229732620
r_power: 0.883830
---
w_energy: 12699729
w_duration: 11397679018
w_power: 1.114238
r_energy: 1782124
r_duration: 1998192853
r_power: 0.891868
---
