w_energy: 16249698
w_duration: 8701689868
w_power: 1.867419
r_energy: 11012514
r_duration: 5603128206
r_power: 1.965422
---
w_energy: 16535655
w_duration: 8728161984
w_power: 1.894517
r_energy: 10426163
r_duration: 5629127507
r_power: 1.852181
---
w_energy: 17197383
w_duration: 8919405849
w_power: 1.928086
r_energy: 9151398
r_duration: 5714935254
r_power: 1.601313
---
