w_energy: 2848155
w_duration: 2001048519
w_power: 1.423331
r_energy: 1149675
r_duration: 953523501
r_power: 1.205712
---
w_energy: 2254759
w_duration: 1803371601
w_power: 1.250302
r_energy: 2164558
r_duration: 1063096456
r_power: 2.036088
---
w_energy: 2276543
w_duration: 1999263824
w_power: 1.138691
r_energy: 1826199
r_duration: 981845162
r_power: 1.859966
---
