w_energy: 14347045
w_duration: 13851971941
w_power: 1.035740
r_energy: 1614699
r_duration: 2469599516
r_power: 0.653830
---
w_energy: 14214412
w_duration: 14951712344
w_power: 0.950688
r_energy: 2000905
r_duration: 2672540777
r_power: 0.748690
---
w_energy: 14599406
w_duration: 13978642820
w_power: 1.044408
r_energy: 1738543
r_duration: 2740700346
r_power: 0.634343
---
