w_energy: 14633579
w_duration: 7249789025
w_power: 2.018483
r_energy: 5845025
r_duration: 2674228235
r_power: 2.185687
---
w_energy: 13828837
w_duration: 7210282149
w_power: 1.917933
r_energy: 6185419
r_duration: 2859907639
r_power: 2.162804
---
w_energy: 14252895
w_duration: 7151062779
w_power: 1.993116
r_energy: 6049664
r_duration: 3021830872
r_power: 2.001986
---
