w_energy: 14020186
w_duration: 7304017784
w_power: 1.919517
r_energy: 4762661
r_duration: 2078113247
r_power: 2.291820
---
w_energy: 16459225
w_duration: 8080205926
w_power: 2.036981
r_energy: 4180024
r_duration: 1810169446
r_power: 2.309189
---
w_energy: 14059365
w_duration: 7431019688
w_power: 1.891983
r_energy: 3065407
r_duration: 1974684482
r_power: 1.552353
---
