w_energy: 114863506
w_duration: 53908577954
w_power: 2.130709
r_energy: 33862841
r_duration: 15865382287
r_power: 2.134385
---
w_energy: 115713051
w_duration: 54032873072
w_power: 2.141531
r_energy: 32947165
r_duration: 14492446822
r_power: 2.273403
---
w_energy: 115032537
w_duration: 54080732050
w_power: 2.127052
r_energy: 34157339
r_duration: 14675244027
r_power: 2.327548
---
