w_energy: 53466315
w_duration: 25902165770
w_power: 2.064164
r_energy: 19649389
r_duration: 10568372573
r_power: 1.859263
---
w_energy: 55031296
w_duration: 25911119887
w_power: 2.123849
r_energy: 16815821
r_duration: 12784986286
r_power: 1.315279
---
w_energy: 53304024
w_duration: 25899158453
w_power: 2.058137
r_energy: 18661243
r_duration: 10382794580
r_power: 1.797324
---
