w_energy: 103230791
w_duration: 46886333002
w_power: 2.201725
r_energy: 30728681
r_duration: 15838819242
r_power: 1.940087
---
w_energy: 102735843
w_duration: 46841873092
w_power: 2.193248
r_energy: 29011873
r_duration: 15018103549
r_power: 1.931793
---
w_energy: 101159801
w_duration: 46671562548
w_power: 2.167483
r_energy: 31416911
r_duration: 14641208029
r_power: 2.145787
---
