w_energy: 128571573
w_duration: 66355900163
w_power: 1.937606
r_energy: 56738189
r_duration: 26440556131
r_power: 2.145877
---
w_energy: 126618442
w_duration: 65146247966
w_power: 1.943603
r_energy: 58794547
r_duration: 26312998999
r_power: 2.234430
---
w_energy: 126699669
w_duration: 65223004334
w_power: 1.942561
r_energy: 59400402
r_duration: 26416052631
r_power: 2.248648
---
