w_energy: 51298398
w_duration: 21203414216
w_power: 2.419346
r_energy: 19790164
r_duration: 8122741172
r_power: 2.436390
---
w_energy: 53904768
w_duration: 21413464820
w_power: 2.517330
r_energy: 19398454
r_duration: 7803228693
r_power: 2.485952
---
w_energy: 52728731
w_duration: 21032376474
w_power: 2.507027
r_energy: 18172877
r_duration: 7736021422
r_power: 2.349124
---
