w_energy: 4620212
w_duration: 3121908029
w_power: 1.479932
r_energy: 1898974
r_duration: 1202954053
r_power: 1.578592
---
w_energy: 4765204
w_duration: 3137509413
w_power: 1.518786
r_energy: 2407077
r_duration: 1369051494
r_power: 1.758208
---
w_energy: 3394161
w_duration: 3643091520
w_power: 0.931671
r_energy: 2698975
r_duration: 1790798355
r_power: 1.507135
---
