w_energy: 46143108
w_duration: 22272480167
w_power: 2.071754
r_energy: 11181525
r_duration: 6396172032
r_power: 1.748159
---
w_energy: 46241649
w_duration: 21904323885
w_power: 2.111074
r_energy: 8938641
r_duration: 5416344238
r_power: 1.650309
---
w_energy: 46584555
w_duration: 21992633661
w_power: 2.118189
r_energy: 9812509
r_duration: 5501683735
r_power: 1.783547
---
