w_energy: 0
w_duration: 973418333
w_power: 0.000000
r_energy: 740936
r_duration: 695633508
r_power: 1.065124
---
w_energy: 843039
w_duration: 1238874000
w_power: 0.680488
r_energy: 846133
r_duration: 696882675
r_power: 1.214169
---
w_energy: 1059926
w_duration: 909049542
w_power: 1.165972
r_energy: 817158
r_duration: 557144829
r_power: 1.466689
---
