w_energy: 919332
w_duration: 1191629532
w_power: 0.771491
r_energy: 1478165
r_duration: 450881336
r_power: 3.278390
---
w_energy: 2058887
w_duration: 1540192187
w_power: 1.336773
r_energy: 385154
r_duration: 424277956
r_power: 0.907787
---
w_energy: 1694954
w_duration: 1103218951
w_power: 1.536371
r_energy: 748293
r_duration: 507394757
r_power: 1.474775
---
