w_energy: 8950204
w_duration: 8997256426
w_power: 0.994770
r_energy: 1476080
r_duration: 1619529323
r_power: 0.911425
---
w_energy: 9022242
w_duration: 8325262586
w_power: 1.083719
r_energy: 1467393
r_duration: 1481674930
r_power: 0.990361
---
w_energy: 9621597
w_duration: 9230610146
w_power: 1.042358
r_energy: 558285
r_duration: 1542582026
r_power: 0.361916
---
