w_energy: 938791160
w_duration: 417500176591
w_power: 2.248601
r_energy: 235783393
r_duration: 99374308621
r_power: 2.372680
---
w_energy: 940435036
w_duration: 417349195735
w_power: 2.253353
r_energy: 233933105
r_duration: 98967874860
r_power: 2.363728
---
w_energy: 940657647
w_duration: 418796440206
w_power: 2.246098
r_energy: 235445447
r_duration: 99133430595
r_power: 2.375036
---
