w_energy: 68686700
w_duration: 110885120338
w_power: 0.619440
r_energy: 26950274
r_duration: 16173575421
r_power: 1.666315
---
w_energy: 68566454
w_duration: 111850003921
w_power: 0.613021
r_energy: 25810840
r_duration: 16156933519
r_power: 1.597509
---
w_energy: 67927837
w_duration: 113997131242
w_power: 0.595873
r_energy: 25439260
r_duration: 16711793360
r_power: 1.522234
---
