w_energy: 1009327994
w_duration: 507213226575
w_power: 1.989948
r_energy: 445539278
r_duration: 203682527010
r_power: 2.187420
---
w_energy: 1014133025
w_duration: 508529241600
w_power: 1.994247
r_energy: 446184168
r_duration: 187201855526
r_power: 2.383439
---
w_energy: 1013022344
w_duration: 507958689928
w_power: 1.994301
r_energy: 448190133
r_duration: 190051309969
r_power: 2.358259
---
