w_energy: 31168544
w_duration: 20742307283
w_power: 1.502656
r_energy: 7793130
r_duration: 4946659632
r_power: 1.575433
---
w_energy: 32148471
w_duration: 20938080434
w_power: 1.535407
r_energy: 6265881
r_duration: 4550974003
r_power: 1.376822
---
w_energy: 31755303
w_duration: 20729752515
w_power: 1.531871
r_energy: 6784033
r_duration: 4764176977
r_power: 1.423967
---
