w_energy: 62830753
w_duration: 24487903762
w_power: 2.565787
r_energy: 41826849
r_duration: 17113212865
r_power: 2.444126
---
w_energy: 62037710
w_duration: 24299768640
w_power: 2.553016
r_energy: 41271543
r_duration: 16814302288
r_power: 2.454550
---
w_energy: 58496481
w_duration: 24384866071
w_power: 2.398885
r_energy: 44908905
r_duration: 17294591289
r_power: 2.596702
---
