w_energy: 6543652
w_duration: 3292945973
w_power: 1.987173
r_energy: 1007953
r_duration: 1045040103
r_power: 0.964511
---
w_energy: 6013006
w_duration: 3307751892
w_power: 1.817853
r_energy: 1988790
r_duration: 1580962616
r_power: 1.257961
---
w_energy: 5447336
w_duration: 3174358564
w_power: 1.716043
r_energy: 2991916
r_duration: 1044336983
r_power: 2.864895
---
