w_energy: 72579348
w_duration: 91159140011
w_power: 0.796183
r_energy: 17151372
r_duration: 11128856408
r_power: 1.541162
---
w_energy: 72595414
w_duration: 91342241124
w_power: 0.794763
r_energy: 17935091
r_duration: 10643099295
r_power: 1.685138
---
w_energy: 77196303
w_duration: 91232947854
w_power: 0.846145
r_energy: 17676578
r_duration: 10524412572
r_power: 1.679579
---
