w_energy: 360014762
w_duration: 171777286014
w_power: 2.095823
r_energy: 70966231
r_duration: 32331493430
r_power: 2.194957
---
w_energy: 357724961
w_duration: 169026825524
w_power: 2.116380
r_energy: 73944273
r_duration: 32320786686
r_power: 2.287824
---
w_energy: 361550605
w_duration: 172753484481
w_power: 2.092870
r_energy: 73579006
r_duration: 32640862730
r_power: 2.254199
---
