w_energy: 75302454
w_duration: 90709214228
w_power: 0.830152
r_energy: 18005021
r_duration: 10640699310
r_power: 1.692090
---
w_energy: 73551490
w_duration: 92597059602
w_power: 0.794318
r_energy: 18226587
r_duration: 10834935655
r_power: 1.682205
---
w_energy: 74923440
w_duration: 91382761958
w_power: 0.819886
r_energy: 18016077
r_duration: 11409002873
r_power: 1.579111
---
