w_energy: 258894525
w_duration: 141068486561
w_power: 1.835240
r_energy: 55442434
r_duration: 25830411042
r_power: 2.146402
---
w_energy: 253337324
w_duration: 143667911365
w_power: 1.763354
r_energy: 56326609
r_duration: 25602702508
r_power: 2.200026
---
w_energy: 254945169
w_duration: 141707889327
w_power: 1.799089
r_energy: 55544836
r_duration: 25759190207
r_power: 2.156311
---
