w_energy: 4977083
w_duration: 3619387966
w_power: 1.375117
r_energy: 3445732
r_duration: 1329853223
r_power: 2.591062
---
w_energy: 5779413
w_duration: 3606950862
w_power: 1.602299
r_energy: 2134777
r_duration: 1347064297
r_power: 1.584763
---
w_energy: 5468709
w_duration: 3593364709
w_power: 1.521891
r_energy: 1829112
r_duration: 1456886765
r_power: 1.255494
---
