w_energy: 13454571
w_duration: 14487444124
w_power: 0.928706
r_energy: 2065375
r_duration: 2940716985
r_power: 0.702337
---
w_energy: 13432571
w_duration: 13842591298
w_power: 0.970380
r_energy: 1414920
r_duration: 2995891467
r_power: 0.472287
---
w_energy: 12542953
w_duration: 14435467080
w_power: 0.868898
r_energy: 1699220
r_duration: 3441054447
r_power: 0.493808
---
