w_energy: 14720348
w_duration: 7979172722
w_power: 1.844846
r_energy: 4839349
r_duration: 2913985180
r_power: 1.660732
---
w_energy: 14032931
w_duration: 8060456785
w_power: 1.740960
r_energy: 5538227
r_duration: 2885292546
r_power: 1.919468
---
w_energy: 13796226
w_duration: 7914660739
w_power: 1.743123
r_energy: 4954301
r_duration: 2987098283
r_power: 1.658566
---
