w_energy: 12914727
w_duration: 13077368715
w_power: 0.987563
r_energy: 1269428
r_duration: 2449171927
r_power: 0.518309
---
w_energy: 13230356
w_duration: 12785073569
w_power: 1.034828
r_energy: 2250532
r_duration: 2709628244
r_power: 0.830569
---
w_energy: 12555955
w_duration: 14724687663
w_power: 0.852715
r_energy: 1042574
r_duration: 2455861202
r_power: 0.424525
---
