w_energy: 3357442501
w_duration: 1257485047541
w_power: 2.669966
r_energy: 838943308
r_duration: 332071814809
r_power: 2.526391
---
w_energy: 3369535882
w_duration: 1258853690566
w_power: 2.676670
r_energy: 842763663
r_duration: 318757861069
r_power: 2.643899
---
w_energy: 3379621971
w_duration: 1260293627119
w_power: 2.681615
r_energy: 837225237
r_duration: 387445063818
r_power: 2.160888
---
