w_energy: 333609518
w_duration: 149384418692
w_power: 2.233228
r_energy: 40117729
r_duration: 18765285764
r_power: 2.137869
---
w_energy: 333156802
w_duration: 149511933467
w_power: 2.228296
r_energy: 40202821
r_duration: 18955599414
r_power: 2.120894
---
w_energy: 333420730
w_duration: 149626269910
w_power: 2.228357
r_energy: 40475688
r_duration: 19328879666
r_power: 2.094052
---
