w_energy: 14047270
w_duration: 7327312277
w_power: 1.917111
r_energy: 4134796
r_duration: 1844733397
r_power: 2.241406
---
w_energy: 15893720
w_duration: 7457490684
w_power: 2.131242
r_energy: 3304174
r_duration: 1837598942
r_power: 1.798093
---
w_energy: 16398021
w_duration: 7226378711
w_power: 2.269189
r_energy: 4104272
r_duration: 1648152423
r_power: 2.490226
---
