w_energy: 64681021
w_duration: 110494012963
w_power: 0.585380
r_energy: 23580365
r_duration: 15983316674
r_power: 1.475311
---
w_energy: 63425107
w_duration: 110279051492
w_power: 0.575133
r_energy: 23528532
r_duration: 15307556170
r_power: 1.537053
---
w_energy: 64488965
w_duration: 110060109007
w_power: 0.585943
r_energy: 23757555
r_duration: 15999222952
r_power: 1.484919
---
