w_energy: 3218081
w_duration: 2274099068
w_power: 1.415101
r_energy: 354988
r_duration: 808455155
r_power: 0.439094
---
w_energy: 2635525
w_duration: 2096005692
w_power: 1.257404
r_energy: 1200871
r_duration: 832843731
r_power: 1.441892
---
w_energy: 2049296
w_duration: 1820005235
w_power: 1.125984
r_energy: 1780283
r_duration: 825322485
r_power: 2.157076
---
