w_energy: 332788255
w_duration: 150161108179
w_power: 2.216208
r_energy: 61160513
r_duration: 26970842837
r_power: 2.267653
---
w_energy: 333062460
w_duration: 150063276415
w_power: 2.219480
r_energy: 59288015
r_duration: 26561446281
r_power: 2.232108
---
w_energy: 333743925
w_duration: 149730259205
w_power: 2.228968
r_energy: 58906864
r_duration: 27216756462
r_power: 2.164360
---
