w_energy: 15211583
w_duration: 7096083500
w_power: 2.143659
r_energy: 6243679
r_duration: 1752492186
r_power: 3.562743
---
w_energy: 16162284
w_duration: 7112148296
w_power: 2.272490
r_energy: 3193433
r_duration: 1664748177
r_power: 1.918268
---
w_energy: 16579996
w_duration: 6862597033
w_power: 2.415994
r_energy: 2001224
r_duration: 1416986389
r_power: 1.412310
---
