w_energy: 552315
w_duration: 677832121
w_power: 0.814826
r_energy: 445170
r_duration: 419576533
r_power: 1.060998
---
w_energy: 387363
w_duration: 746112513
w_power: 0.519175
r_energy: 415740
r_duration: 407605368
r_power: 1.019957
---
w_energy: 460743
w_duration: 952921720
w_power: 0.483506
r_energy: 1111931
r_duration: 530977182
r_power: 2.094122
---
