w_energy: 415181100
w_duration: 158632565830
w_power: 2.617250
r_energy: 93950926
r_duration: 37310409317
r_power: 2.518089
---
w_energy: 417633855
w_duration: 158484847482
w_power: 2.635166
r_energy: 93749800
r_duration: 38846196475
r_power: 2.413359
---
w_energy: 419833288
w_duration: 160232463376
w_power: 2.620151
r_energy: 94909507
r_duration: 38113373198
r_power: 2.490189
---
