w_energy: 41969159
w_duration: 19677536768
w_power: 2.132846
r_energy: 7337244
r_duration: 3675204599
r_power: 1.996418
---
w_energy: 42494305
w_duration: 20125213788
w_power: 2.111496
r_energy: 7052830
r_duration: 3119402468
r_power: 2.260955
---
w_energy: 41077609
w_duration: 19658074767
w_power: 2.089605
r_energy: 6322843
r_duration: 3648548668
r_power: 1.732975
---
