w_energy: 3358407058
w_duration: 1260552884901
w_power: 2.664233
r_energy: 659329147
r_duration: 277895386966
r_power: 2.372580
---
w_energy: 3344358497
w_duration: 1258434204579
w_power: 2.657555
r_energy: 655094192
r_duration: 260209897895
r_power: 2.517561
---
w_energy: 3369487664
w_duration: 1261759108814
w_power: 2.670468
r_energy: 661865858
r_duration: 268792438932
r_power: 2.462368
---
