w_energy: 417857354
w_duration: 160644809906
w_power: 2.601126
r_energy: 69156374
r_duration: 27753688631
r_power: 2.491790
---
w_energy: 421259675
w_duration: 161973602213
w_power: 2.600792
r_energy: 68660330
r_duration: 28436854600
r_power: 2.414484
---
w_energy: 419102735
w_duration: 161243031109
w_power: 2.599199
r_energy: 69258060
r_duration: 27970667921
r_power: 2.476096
---
