w_energy: 8314202
w_duration: 4193192538
w_power: 1.982786
r_energy: 1914069
r_duration: 813461379
r_power: 2.352993
---
w_energy: 9856945
w_duration: 4214922836
w_power: 2.338583
r_energy: 2018090
r_duration: 638424680
r_power: 3.161046
---
w_energy: 9419200
w_duration: 4239718956
w_power: 2.221657
r_energy: 1909708
r_duration: 738030986
r_power: 2.587572
---
