w_energy: 349728904
w_duration: 138902789482
w_power: 2.517796
r_energy: 95071886
r_duration: 38143765620
r_power: 2.492462
---
w_energy: 352921882
w_duration: 139481848471
w_power: 2.530235
r_energy: 95173582
r_duration: 38243506000
r_power: 2.488621
---
w_energy: 348277772
w_duration: 139715734849
w_power: 2.492760
r_energy: 94794671
r_duration: 38497717998
r_power: 2.462345
---
