w_energy: 12238195
w_duration: 7169490571
w_power: 1.706983
r_energy: 4581159
r_duration: 2183494804
r_power: 2.098086
---
w_energy: 13601570
w_duration: 7193577689
w_power: 1.890794
r_energy: 4062383
r_duration: 2136151186
r_power: 1.901730
---
w_energy: 14384628
w_duration: 8444294771
w_power: 1.703473
r_energy: 4897812
r_duration: 2085649765
r_power: 2.348339
---
