w_energy: 65503117
w_duration: 25751810730
w_power: 2.543632
r_energy: 21882048
r_duration: 8670566215
r_power: 2.523716
---
w_energy: 66445139
w_duration: 25861250069
w_power: 2.569293
r_energy: 20191090
r_duration: 8386790095
r_power: 2.407487
---
w_energy: 64371336
w_duration: 25019711511
w_power: 2.572825
r_energy: 21460351
r_duration: 8564104275
r_power: 2.505849
---
