w_energy: 114516595
w_duration: 54336935842
w_power: 2.107528
r_energy: 27673653
r_duration: 12077436084
r_power: 2.291352
---
w_energy: 114775321
w_duration: 54217680882
w_power: 2.116935
r_energy: 27281471
r_duration: 12073630401
r_power: 2.259591
---
w_energy: 113233986
w_duration: 54008244631
w_power: 2.096606
r_energy: 27185336
r_duration: 11665193212
r_power: 2.330466
---
