w_energy: 2061946
w_duration: 1602022759
w_power: 1.287089
r_energy: 1519970
r_duration: 781722753
r_power: 1.944385
---
w_energy: 2517233
w_duration: 1538472559
w_power: 1.636190
r_energy: 1103357
r_duration: 789358224
r_power: 1.397790
---
w_energy: 2154491
w_duration: 1617302594
w_power: 1.332151
r_energy: 1107050
r_duration: 857366440
r_power: 1.291222
---
