w_energy: 5599860
w_duration: 3584387063
w_power: 1.562292
r_energy: 2356620
r_duration: 1078447076
r_power: 2.185198
---
w_energy: 6381177
w_duration: 3603111586
w_power: 1.771018
r_energy: 984378
r_duration: 1072295082
r_power: 0.918010
---
w_energy: 6484179
w_duration: 3335069035
w_power: 1.944241
r_energy: 2320534
r_duration: 1081878529
r_power: 2.144912
---
