w_energy: 3873784378
w_duration: 1491357560143
w_power: 2.597489
r_energy: 1643422134
r_duration: 638982651102
r_power: 2.571935
---
w_energy: 3884075727
w_duration: 1493475796541
w_power: 2.600695
r_energy: 1644357457
r_duration: 649951975170
r_power: 2.529968
---
w_energy: 3898651303
w_duration: 1495601866770
w_power: 2.606744
r_energy: 1650268234
r_duration: 663949303574
r_power: 2.485533
---
