w_energy: 3825991
w_duration: 2407792581
w_power: 1.589004
r_energy: 1209280
r_duration: 698547912
r_power: 1.731134
---
w_energy: 4847527
w_duration: 3208611733
w_power: 1.510786
r_energy: 563397
r_duration: 853213228
r_power: 0.660324
---
w_energy: 4679521
w_duration: 3122878200
w_power: 1.498464
r_energy: 516741
r_duration: 710153380
r_power: 0.727647
---
