w_energy: 849662
w_duration: 1988135130
w_power: 0.427366
r_energy: 1787477
r_duration: 1012360527
r_power: 1.765653
---
w_energy: 2534860
w_duration: 2002005165
w_power: 1.266161
r_energy: 1161053
r_duration: 907061924
r_power: 1.280015
---
w_energy: 1724247
w_duration: 1912516735
w_power: 0.901559
r_energy: 1638980
r_duration: 916238133
r_power: 1.788814
---
