w_energy: 473351912
w_duration: 180009838646
w_power: 2.629589
r_energy: 120808625
r_duration: 47042911333
r_power: 2.568052
---
w_energy: 475179432
w_duration: 181174946195
w_power: 2.622766
r_energy: 124427184
r_duration: 48343525724
r_power: 2.573813
---
w_energy: 476111591
w_duration: 180866847567
w_power: 2.632387
r_energy: 120016131
r_duration: 46907171236
r_power: 2.558588
---
