w_energy: 2040593
w_duration: 1763446645
w_power: 1.157162
r_energy: 223536
r_duration: 568773243
r_power: 0.393014
---
w_energy: 1665982
w_duration: 1353859829
w_power: 1.230542
r_energy: 789548
r_duration: 631869793
r_power: 1.249542
---
w_energy: 1447678
w_duration: 1611774472
w_power: 0.898189
r_energy: 624929
r_duration: 586989643
r_power: 1.064634
---
