w_energy: 1590157
w_duration: 1509945778
w_power: 1.053122
r_energy: 2076014
r_duration: 926364742
r_power: 2.241033
---
w_energy: 1807123
w_duration: 1468779103
w_power: 1.230357
r_energy: 1205221
r_duration: 797304861
r_power: 1.511619
---
w_energy: 2433763
w_duration: 1356306562
w_power: 1.794405
r_energy: 1308552
r_duration: 816817663
r_power: 1.602012
---
