w_energy: 2955516
w_duration: 2532729865
w_power: 1.166929
r_energy: 547004
r_duration: 659323862
r_power: 0.829644
---
w_energy: 1216378
w_duration: 2351482444
w_power: 0.517281
r_energy: 2705917
r_duration: 588036232
r_power: 4.601616
---
w_energy: 1303795
w_duration: 2108860441
w_power: 0.618246
r_energy: 928538
r_duration: 586108180
r_power: 1.584243
---
