w_energy: 899319
w_duration: 753633142
w_power: 1.193311
r_energy: 272578
r_duration: 482462232
r_power: 0.564973
---
w_energy: 530829
w_duration: 781677281
w_power: 0.679090
r_energy: 461609
r_duration: 416840283
r_power: 1.107400
---
w_energy: 665458
w_duration: 810671298
w_power: 0.820873
r_energy: 641346
r_duration: 444268423
r_power: 1.443600
---
