w_energy: 991615322
w_duration: 441405976245
w_power: 2.246493
r_energy: 232580297
r_duration: 98125447600
r_power: 2.370234
---
w_energy: 992482558
w_duration: 442218426630
w_power: 2.244327
r_energy: 244165694
r_duration: 103627758000
r_power: 2.356180
---
w_energy: 984881553
w_duration: 438995248339
w_power: 2.243490
r_energy: 234291765
r_duration: 112667616490
r_power: 2.079495
---
