w_energy: 2478681
w_duration: 1829833885
w_power: 1.354593
r_energy: 1021527
r_duration: 643119951
r_power: 1.588393
---
w_energy: 2801118
w_duration: 1732552937
w_power: 1.616758
r_energy: 350922
r_duration: 474739395
r_power: 0.739189
---
w_energy: 3482694
w_duration: 1775427140
w_power: 1.961609
r_energy: 460712
r_duration: 384567014
r_power: 1.198002
---
