w_energy: 921837
w_duration: 742056836
w_power: 1.242273
r_energy: 326030
r_duration: 381020397
r_power: 0.855676
---
w_energy: 501681
w_duration: 745484628
w_power: 0.672960
r_energy: 992895
r_duration: 481663597
r_power: 2.061387
---
w_energy: 1021463
w_duration: 687388837
w_power: 1.486005
r_energy: 448094
r_duration: 385936981
r_power: 1.161055
---
