w_energy: 4904990
w_duration: 2415316085
w_power: 2.030786
r_energy: 2811115
r_duration: 1269089776
r_power: 2.215064
---
w_energy: 4874504
w_duration: 2497147750
w_power: 1.952029
r_energy: 2275022
r_duration: 1279956530
r_power: 1.777421
---
w_energy: 4018298
w_duration: 2470869912
w_power: 1.626269
r_energy: 2162836
r_duration: 1363227013
r_power: 1.586556
---
