w_energy: 14063817
w_duration: 12619064160
w_power: 1.114490
r_energy: 1421400
r_duration: 3179302947
r_power: 0.447079
---
w_energy: 13788925
w_duration: 13540012813
w_power: 1.018383
r_energy: 1911310
r_duration: 3310790365
r_power: 0.577297
---
w_energy: 13962906
w_duration: 12916987764
w_power: 1.080972
r_energy: 2370855
r_duration: 3085981920
r_power: 0.768266
---
