w_energy: 84485267
w_duration: 38726679298
w_power: 2.181578
r_energy: 53023887
r_duration: 20706557680
r_power: 2.560729
---
w_energy: 85490057
w_duration: 38978564393
w_power: 2.193258
r_energy: 52374587
r_duration: 20789905736
r_power: 2.519232
---
w_energy: 84899919
w_duration: 38972631773
w_power: 2.178450
r_energy: 53742829
r_duration: 20582964892
r_power: 2.611034
---
