w_energy: 10998369
w_duration: 9113075275
w_power: 1.206878
r_energy: 1917691
r_duration: 1864760166
r_power: 1.028385
---
w_energy: 9984237
w_duration: 9495546281
w_power: 1.051465
r_energy: 1907238
r_duration: 1831635443
r_power: 1.041276
---
w_energy: 11067488
w_duration: 9254706506
w_power: 1.195877
r_energy: 1176909
r_duration: 1770669969
r_power: 0.664669
---
