w_energy: 10393153
w_duration: 5680544169
w_power: 1.829605
r_energy: 5406836
r_duration: 3076897849
r_power: 1.757236
---
w_energy: 10127003
w_duration: 5541350435
w_power: 1.827533
r_energy: 5548721
r_duration: 3160469961
r_power: 1.755663
---
w_energy: 11532057
w_duration: 5882722415
w_power: 1.960327
r_energy: 6077073
r_duration: 3319566251
r_power: 1.830683
---
