w_energy: 290233421
w_duration: 118928205586
w_power: 2.440409
r_energy: 189696575
r_duration: 104402240033
r_power: 1.816978
---
w_energy: 292386965
w_duration: 117256327722
w_power: 2.493571
r_energy: 189407386
r_duration: 71287077887
r_power: 2.656967
---
w_energy: 288215406
w_duration: 116556664958
w_power: 2.472749
r_energy: 185994074
r_duration: 109746081018
r_power: 1.694767
---
