w_energy: 76522585
w_duration: 89699996545
w_power: 0.853095
r_energy: 30311139
r_duration: 12438174047
r_power: 2.436944
---
w_energy: 135560605
w_duration: 103012180460
w_power: 1.315967
r_energy: 31699845
r_duration: 12723304675
r_power: 2.491479
---
w_energy: 109686340
w_duration: 97417536129
w_power: 1.125940
r_energy: 31309592
r_duration: 12702618832
r_power: 2.464814
---
