w_energy: 392511459
w_duration: 152887569368
w_power: 2.567321
r_energy: 134091908
r_duration: 50007786240
r_power: 2.681421
---
w_energy: 390745952
w_duration: 152933102293
w_power: 2.555012
r_energy: 133598052
r_duration: 49740668612
r_power: 2.685892
---
w_energy: 390450002
w_duration: 153330691794
w_power: 2.546457
r_energy: 132489482
r_duration: 50100785581
r_power: 2.644459
---
