w_energy: 29246975
w_duration: 14959365448
w_power: 1.955095
r_energy: 13290222
r_duration: 6194627428
r_power: 2.145443
---
w_energy: 29405147
w_duration: 14664309442
w_power: 2.005219
r_energy: 13152743
r_duration: 6222707706
r_power: 2.113669
---
w_energy: 29844485
w_duration: 14645652601
w_power: 2.037771
r_energy: 14461692
r_duration: 16778114029
r_power: 0.861938
---
