w_energy: 3929257
w_duration: 2234842955
w_power: 1.758180
r_energy: 1454854
r_duration: 1485696691
r_power: 0.979240
---
w_energy: 3461704
w_duration: 2307609212
w_power: 1.500126
r_energy: 1600426
r_duration: 1524344914
r_power: 1.049911
---
w_energy: 3186655
w_duration: 2418223625
w_power: 1.317767
r_energy: 3091392
r_duration: 1530478866
r_power: 2.019885
---
