w_energy: 369232226
w_duration: 165986798380
w_power: 2.224467
r_energy: 120171683
r_duration: 132896815733
r_power: 0.904248
---
w_energy: 321939989
w_duration: 145830786884
w_power: 2.207627
r_energy: 123272403
r_duration: 46236369093
r_power: 2.666135
---
w_energy: 323650205
w_duration: 145849497112
w_power: 2.219070
r_energy: 123671819
r_duration: 46204496295
r_power: 2.676619
---
