w_energy: 10322357
w_duration: 5516636315
w_power: 1.871132
r_energy: 4610810
r_duration: 2575288098
r_power: 1.790406
---
w_energy: 10521789
w_duration: 5412510723
w_power: 1.943976
r_energy: 5188164
r_duration: 2571288575
r_power: 2.017729
---
w_energy: 10676670
w_duration: 5568100324
w_power: 1.917471
r_energy: 4780331
r_duration: 2591174473
r_power: 1.844851
---
