w_energy: 1224698
w_duration: 1242602284
w_power: 0.985591
r_energy: 677296
r_duration: 808194059
r_power: 0.838036
---
w_energy: 1301639
w_duration: 1515952926
w_power: 0.858628
r_energy: 1603273
r_duration: 877632407
r_power: 1.826816
---
w_energy: 1278917
w_duration: 1508479796
w_power: 0.847818
r_energy: 963278
r_duration: 836150440
r_power: 1.152039
---
