w_energy: 318081953
w_duration: 142913773419
w_power: 2.225691
r_energy: 167404508
r_duration: 62243178099
r_power: 2.689524
---
w_energy: 318286978
w_duration: 143281181977
w_power: 2.221415
r_energy: 166486139
r_duration: 62148255739
r_power: 2.678855
---
w_energy: 367495618
w_duration: 162146344648
w_power: 2.266444
r_energy: 167133425
r_duration: 62178456905
r_power: 2.687964
---
