w_energy: 3219411154
w_duration: 1240677369302
w_power: 2.594882
r_energy: 1054506897
r_duration: 393099996695
r_power: 2.682541
---
w_energy: 3284927246
w_duration: 1246683355171
w_power: 2.634933
r_energy: 1072399221
r_duration: 394323645106
r_power: 2.719591
---
w_energy: 3269106881
w_duration: 1239556224433
w_power: 2.637320
r_energy: 1073324580
r_duration: 393039252910
r_power: 2.730833
---
