w_energy: 1053344
w_duration: 698414354
w_power: 1.508194
r_energy: 863541
r_duration: 713938024
r_power: 1.209546
---
w_energy: 584968
w_duration: 663702347
w_power: 0.881371
r_energy: 863216
r_duration: 519671502
r_power: 1.661080
---
w_energy: 364934
w_duration: 677526059
w_power: 0.538627
r_energy: 1083129
r_duration: 627923094
r_power: 1.724939
---
