w_energy: 977450586
w_duration: 515188074261
w_power: 1.897269
r_energy: 947930142
r_duration: 355040448676
r_power: 2.669922
---
w_energy: 985952627
w_duration: 512458265428
w_power: 1.923967
r_energy: 951429001
r_duration: 354015000609
r_power: 2.687539
---
w_energy: 985157582
w_duration: 510127971474
w_power: 1.931197
r_energy: 949342081
r_duration: 353351527229
r_power: 2.686679
---
