w_energy: 1981248
w_duration: 958610528
w_power: 2.066791
r_energy: 1359139
r_duration: 750054064
r_power: 1.812055
---
w_energy: 1036695
w_duration: 914514628
w_power: 1.133601
r_energy: 669289
r_duration: 888807098
r_power: 0.753019
---
w_energy: 924496
w_duration: 1031110091
w_power: 0.896603
r_energy: 530893
r_duration: 761146355
r_power: 0.697491
---
