w_energy: 892677128
w_duration: 424888300646
w_power: 2.100969
r_energy: 316756650
r_duration: 117098543167
r_power: 2.705043
---
w_energy: 896181096
w_duration: 425308374983
w_power: 2.107132
r_energy: 314380328
r_duration: 117010051533
r_power: 2.686781
---
w_energy: 885096708
w_duration: 424345555320
w_power: 2.085792
r_energy: 313507136
r_duration: 117018695311
r_power: 2.679120
---
