w_energy: 9689086
w_duration: 5644803497
w_power: 1.716461
r_energy: 3827771
r_duration: 2143533098
r_power: 1.785730
---
w_energy: 10355030
w_duration: 5587599518
w_power: 1.853216
r_energy: 3455823
r_duration: 2122962243
r_power: 1.627831
---
w_energy: 9572665
w_duration: 5609722166
w_power: 1.706442
r_energy: 3229432
r_duration: 2168346517
r_power: 1.489352
---
