w_energy: 1758427
w_duration: 721829212
w_power: 2.436071
r_energy: 0
r_duration: 700491376
r_power: 0.000000
---
w_energy: 808862
w_duration: 665869532
w_power: 1.214745
r_energy: 204710
r_duration: 633802362
r_power: 0.322987
---
w_energy: 260403
w_duration: 567812840
w_power: 0.458607
r_energy: 426888
r_duration: 774124056
r_power: 0.551446
---
