w_energy: 577316
w_duration: 685306859
w_power: 0.842420
r_energy: 358789
r_duration: 659010602
r_power: 0.544436
---
w_energy: 0
w_duration: 682811732
w_power: 0.000000
r_energy: 1292764
r_duration: 689857694
r_power: 1.873958
---
w_energy: 516151
w_duration: 669044566
w_power: 0.771475
r_energy: 323066
r_duration: 500882268
r_power: 0.644994
---
