w_energy: 3339669189
w_duration: 1235514415206
w_power: 2.703060
r_energy: 1981855104
r_duration: 710432494633
r_power: 2.789646
---
w_energy: 3314615738
w_duration: 1229692104404
w_power: 2.695484
r_energy: 1959497795
r_duration: 707069737659
r_power: 2.771294
---
w_energy: 3303775106
w_duration: 1241047757315
w_power: 2.662085
r_energy: 1954953425
r_duration: 709630206391
r_power: 2.754890
---
