w_energy: 316339552
w_duration: 144018594875
w_power: 2.196519
r_energy: 162403785
r_duration: 60060118326
r_power: 2.704020
---
w_energy: 315775491
w_duration: 143047097078
w_power: 2.207493
r_energy: 162464936
r_duration: 59827599714
r_power: 2.715552
---
w_energy: 318517002
w_duration: 143656817159
w_power: 2.217208
r_energy: 162737340
r_duration: 60076222332
r_power: 2.708848
---
