w_energy: 2385591
w_duration: 1133786593
w_power: 2.104092
r_energy: 0
r_duration: 612619566
r_power: 0.000000
---
w_energy: 2289712
w_duration: 1018697995
w_power: 2.247685
r_energy: 0
r_duration: 635104584
r_power: 0.000000
---
w_energy: 1691412
w_duration: 1197474100
w_power: 1.412483
r_energy: 825634
r_duration: 582959619
r_power: 1.416280
---
