w_energy: 40242072
w_duration: 16106151782
w_power: 2.498553
r_energy: 21046625
r_duration: 7887389847
r_power: 2.668389
---
w_energy: 39357262
w_duration: 15880324015
w_power: 2.478366
r_energy: 21066604
r_duration: 7752851460
r_power: 2.717272
---
w_energy: 38247358
w_duration: 15793816483
w_power: 2.421667
r_energy: 21001137
r_duration: 7652275447
r_power: 2.744430
---
