w_energy: 88211849
w_duration: 41478305815
w_power: 2.126698
r_energy: 58269028
r_duration: 34335274769
r_power: 1.697060
---
w_energy: 90349530
w_duration: 41481889304
w_power: 2.178048
r_energy: 56759069
r_duration: 23492668290
r_power: 2.416033
---
w_energy: 87808706
w_duration: 41720993013
w_power: 2.104665
r_energy: 57870508
r_duration: 23550964526
r_power: 2.457246
---
