w_energy: 12620727
w_duration: 6797175997
w_power: 1.856760
r_energy: 8623041
r_duration: 5537340132
r_power: 1.557253
---
w_energy: 13512461
w_duration: 6632263427
w_power: 2.037383
r_energy: 11667860
r_duration: 5372534435
r_power: 2.171761
---
w_energy: 13448750
w_duration: 6812231540
w_power: 1.974206
r_energy: 8821202
r_duration: 5432219010
r_power: 1.623867
---
