w_energy: 460138211
w_duration: 181921141983
w_power: 2.529328
r_energy: 440240967
r_duration: 163191690702
r_power: 2.697692
---
w_energy: 454534091
w_duration: 180360949710
w_power: 2.520136
r_energy: 433776165
r_duration: 161613311932
r_power: 2.684037
---
w_energy: 461791472
w_duration: 181175185674
w_power: 2.548867
r_energy: 439332411
r_duration: 162555328986
r_power: 2.702664
---
