w_energy: 9813432
w_duration: 4849208847
w_power: 2.023718
r_energy: 6256726
r_duration: 3374247063
r_power: 1.854258
---
w_energy: 9498407
w_duration: 4850106806
w_power: 1.958391
r_energy: 6669353
r_duration: 3259433716
r_power: 2.046169
---
w_energy: 10154320
w_duration: 4925414375
w_power: 2.061617
r_energy: 6277191
r_duration: 3404385899
r_power: 1.843854
---
