w_energy: 3791583059
w_duration: 1462235876792
w_power: 2.593004
r_energy: 3497872195
r_duration: 1290577563960
r_power: 2.710315
---
w_energy: 3793227961
w_duration: 1471515753540
w_power: 2.577769
r_energy: 3515321318
r_duration: 1298395108420
r_power: 2.707436
---
w_energy: 3809437579
w_duration: 1467212039078
w_power: 2.596378
r_energy: 3525541833
r_duration: 1295246608880
r_power: 2.721908
---
