w_energy: 1650102
w_duration: 1201604252
w_power: 1.373249
r_energy: 1147097
r_duration: 1071652132
r_power: 1.070401
---
w_energy: 2171828
w_duration: 1189345582
w_power: 1.826070
r_energy: 1295714
r_duration: 1132438651
r_power: 1.144180
---
w_energy: 1845610
w_duration: 1134544870
w_power: 1.626740
r_energy: 1921568
r_duration: 1062729425
r_power: 1.808144
---
