w_energy: 4314825
w_duration: 2721106205
w_power: 1.585688
r_energy: 4514928
r_duration: 1671561744
r_power: 2.701024
---
w_energy: 4888567
w_duration: 2659949027
w_power: 1.837842
r_energy: 3381869
r_duration: 1729967104
r_power: 1.954875
---
w_energy: 5143305
w_duration: 2628386422
w_power: 1.956830
r_energy: 2746960
r_duration: 1727300690
r_power: 1.590320
---
