w_energy: 46353989
w_duration: 19004034854
w_power: 2.439166
r_energy: 43907110
r_duration: 17498516308
r_power: 2.509190
---
w_energy: 47553584
w_duration: 19190125627
w_power: 2.478024
r_energy: 45473370
r_duration: 17583458344
r_power: 2.586145
---
w_energy: 46905098
w_duration: 18944357108
w_power: 2.475940
r_energy: 45170674
r_duration: 17481906833
r_power: 2.583853
---
