w_energy: 29568394
w_duration: 17828605403
w_power: 1.658480
r_energy: 10704491
r_duration: 6342779149
r_power: 1.687666
---
w_energy: 29191248
w_duration: 17567615452
w_power: 1.661651
r_energy: 11080871
r_duration: 6307985813
r_power: 1.756642
---
w_energy: 29383396
w_duration: 17813430975
w_power: 1.649508
r_energy: 12587080
r_duration: 6632131152
r_power: 1.897894
---
