w_energy: 387135
w_duration: 1100077062
w_power: 0.351916
r_energy: 2624688
r_duration: 607845037
r_power: 4.318022
---
w_energy: 1400911
w_duration: 1103160098
w_power: 1.269907
r_energy: 567412
r_duration: 656373596
r_power: 0.864465
---
w_energy: 572522
w_duration: 1010095337
w_power: 0.566800
r_energy: 2076037
r_duration: 638312756
r_power: 3.252382
---
