w_energy: 615208
w_duration: 545336905
w_power: 1.128125
r_energy: 0
r_duration: 354841801
r_power: 0.000000
---
w_energy: 457115
w_duration: 465901062
w_power: 0.981142
r_energy: 483132
r_duration: 346521959
r_power: 1.394232
---
w_energy: 0
w_duration: 577247487
w_power: 0.000000
r_energy: 432809
r_duration: 475302492
r_power: 0.910597
---
