w_energy: 105241194
w_duration: 96187954176
w_power: 1.094120
r_energy: 20561178
r_duration: 9563374008
r_power: 2.149992
---
w_energy: 61730717
w_duration: 86800624675
w_power: 0.711178
r_energy: 21091227
r_duration: 9457212533
r_power: 2.230174
---
w_energy: 59958494
w_duration: 87112106560
w_power: 0.688291
r_energy: 23868206
r_duration: 9384760479
r_power: 2.543294
---
