w_energy: 341326380
w_duration: 150823990919
w_power: 2.263077
r_energy: 79751570
r_duration: 29372861539
r_power: 2.715145
---
w_energy: 380049802
w_duration: 165517625440
w_power: 2.296129
r_energy: 77453928
r_duration: 30536242399
r_power: 2.536459
---
w_energy: 342120814
w_duration: 150963060880
w_power: 2.266255
r_energy: 79054468
r_duration: 29423269872
r_power: 2.686801
---
