w_energy: 1822763
w_duration: 1477495197
w_power: 1.233685
r_energy: 1379679
r_duration: 740025576
r_power: 1.864367
---
w_energy: 2455183
w_duration: 1586116103
w_power: 1.547921
r_energy: 1675881
r_duration: 798844632
r_power: 2.097881
---
w_energy: 2226177
w_duration: 1490554450
w_power: 1.493523
r_energy: 849542
r_duration: 815701709
r_power: 1.041486
---
