w_energy: 1111823
w_duration: 691788823
w_power: 1.607171
r_energy: 923049
r_duration: 622004158
r_power: 1.483992
---
w_energy: 1097660
w_duration: 690536702
w_power: 1.589575
r_energy: 449447
r_duration: 565016164
r_power: 0.795459
---
w_energy: 647162
w_duration: 707193790
w_power: 0.915113
r_energy: 402002
r_duration: 650152497
r_power: 0.618320
---
