w_energy: 10941552
w_duration: 5675161810
w_power: 1.927972
r_energy: 8160928
r_duration: 4110388095
r_power: 1.985440
---
w_energy: 10849440
w_duration: 5891638516
w_power: 1.841498
r_energy: 7511752
r_duration: 4066740557
r_power: 1.847119
---
w_energy: 11104148
w_duration: 5730372868
w_power: 1.937771
r_energy: 8222026
r_duration: 3914894034
r_power: 2.100191
---
