w_energy: 887974360
w_duration: 425737221108
w_power: 2.085733
r_energy: 419683614
r_duration: 156886137172
r_power: 2.675084
---
w_energy: 890631351
w_duration: 424333692162
w_power: 2.098894
r_energy: 424479303
r_duration: 156614072295
r_power: 2.710352
---
w_energy: 890587837
w_duration: 425560171061
w_power: 2.092742
r_energy: 425070293
r_duration: 157057240099
r_power: 2.706467
---
