w_energy: 392045354
w_duration: 154498268649
w_power: 2.537539
r_energy: 240999133
r_duration: 88242008153
r_power: 2.731116
---
w_energy: 397007338
w_duration: 152149981071
w_power: 2.609316
r_energy: 242996440
r_duration: 116340199792
r_power: 2.088671
---
w_energy: 396585391
w_duration: 153070086951
w_power: 2.590875
r_energy: 244624024
r_duration: 89832271982
r_power: 2.723120
---
