w_energy: 329241
w_duration: 954212041
w_power: 0.345040
r_energy: 665979
r_duration: 491431355
r_power: 1.355182
---
w_energy: 661840
w_duration: 853662269
w_power: 0.775295
r_energy: 784108
r_duration: 498085982
r_power: 1.574242
---
w_energy: 1442095
w_duration: 852075404
w_power: 1.692450
r_energy: 283635
r_duration: 564661278
r_power: 0.502310
---
