w_energy: 11332156
w_duration: 5510040554
w_power: 2.056637
r_energy: 5918564
r_duration: 3331772938
r_power: 1.776401
---
w_energy: 11521000
w_duration: 5503710493
w_power: 2.093315
r_energy: 7069457
r_duration: 3288648044
r_power: 2.149654
---
w_energy: 10397015
w_duration: 5544705968
w_power: 1.875125
r_energy: 6899353
r_duration: 3365687148
r_power: 2.049909
---
