w_energy: 1299370
w_duration: 730149183
w_power: 1.779595
r_energy: 432335
r_duration: 673994884
r_power: 0.641451
---
w_energy: 1556045
w_duration: 709237708
w_power: 2.193968
r_energy: 277002
r_duration: 674321888
r_power: 0.410786
---
w_energy: 635762
w_duration: 708418139
w_power: 0.897439
r_energy: 1579292
r_duration: 584596489
r_power: 2.701508
---
