w_energy: 12103849
w_duration: 10457161765
w_power: 1.157470
r_energy: 3631621
r_duration: 2362277806
r_power: 1.537339
---
w_energy: 12781413
w_duration: 10127685069
w_power: 1.262027
r_energy: 2943353
r_duration: 2330858960
r_power: 1.262776
---
w_energy: 13579329
w_duration: 10462505871
w_power: 1.297904
r_energy: 2166822
r_duration: 2340750968
r_power: 0.925695
---
