w_energy: 587331
w_duration: 649542636
w_power: 0.904222
r_energy: 232136
r_duration: 480826279
r_power: 0.482786
---
w_energy: 420468
w_duration: 502302552
w_power: 0.837081
r_energy: 631043
r_duration: 509765476
r_power: 1.237908
---
w_energy: 801669
w_duration: 524557870
w_power: 1.528276
r_energy: 273482
r_duration: 381083351
r_power: 0.717644
---
