w_energy: 39262649
w_duration: 15543948773
w_power: 2.525912
r_energy: 25266419
r_duration: 9403650305
r_power: 2.686874
---
w_energy: 39492439
w_duration: 15863656088
w_power: 2.489492
r_energy: 25654340
r_duration: 9894602518
r_power: 2.592761
---
w_energy: 38871166
w_duration: 15572490039
w_power: 2.496143
r_energy: 25979630
r_duration: 9746165336
r_power: 2.665626
---
