w_energy: 42243040
w_duration: 17287695955
w_power: 2.443532
r_energy: 32393921
r_duration: 12419220492
r_power: 2.608370
---
w_energy: 42765475
w_duration: 17465318898
w_power: 2.448594
r_energy: 31910975
r_duration: 12532135555
r_power: 2.546332
---
w_energy: 42003732
w_duration: 17090358383
w_power: 2.457744
r_energy: 32209373
r_duration: 12400633891
r_power: 2.597397
---
