w_energy: 561778
w_duration: 611169184
w_power: 0.919186
r_energy: 42283
r_duration: 483445951
r_power: 0.087462
---
w_energy: 46940
w_duration: 586831660
w_power: 0.079989
r_energy: 0
r_duration: 453120674
r_power: 0.000000
---
w_energy: 133826
w_duration: 708813975
w_power: 0.188803
r_energy: 205448
r_duration: 437239451
r_power: 0.469875
---
