w_energy: 65458446
w_duration: 103302306939
w_power: 0.633659
r_energy: 40310484
r_duration: 18246341799
r_power: 2.209236
---
w_energy: 80058445
w_duration: 106497198840
w_power: 0.751742
r_energy: 42363304
r_duration: 17204517855
r_power: 2.462336
---
w_energy: 63730365
w_duration: 105741592521
w_power: 0.602699
r_energy: 39958611
r_duration: 29498681445
r_power: 1.354590
---
