w_energy: 423548532
w_duration: 195278597406
w_power: 2.168945
r_energy: 308483338
r_duration: 133392987722
r_power: 2.312590
---
w_energy: 421499492
w_duration: 195689748409
w_power: 2.153917
r_energy: 306708075
r_duration: 116139767305
r_power: 2.640853
---
w_energy: 421953443
w_duration: 195465698276
w_power: 2.158708
r_energy: 307104911
r_duration: 115907978861
r_power: 2.649558
---
