w_energy: 110640860
w_duration: 53053317591
w_power: 2.085465
r_energy: 37982914
r_duration: 40619268866
r_power: 0.935096
---
w_energy: 110511216
w_duration: 52886431368
w_power: 2.089595
r_energy: 38198601
r_duration: 15285286780
r_power: 2.499044
---
w_energy: 107521997
w_duration: 52720655486
w_power: 2.039466
r_energy: 39049976
r_duration: 15304171253
r_power: 2.551590
---
