w_energy: 8510362
w_duration: 3863962601
w_power: 2.202496
r_energy: 4342159
r_duration: 1695703931
r_power: 2.560682
---
w_energy: 8919739
w_duration: 3786563232
w_power: 2.355629
r_energy: 2671417
r_duration: 1612881766
r_power: 1.656301
---
w_energy: 8315852
w_duration: 3760253991
w_power: 2.211513
r_energy: 3183710
r_duration: 1952087877
r_power: 1.630926
---
