w_energy: 2826070
w_duration: 1414929631
w_power: 1.997322
r_energy: 1040160
r_duration: 924386105
r_power: 1.125244
---
w_energy: 2466666
w_duration: 1401185227
w_power: 1.760414
r_energy: 1142815
r_duration: 912480072
r_power: 1.252427
---
w_energy: 2198205
w_duration: 1533074749
w_power: 1.433854
r_energy: 1592824
r_duration: 994487805
r_power: 1.601653
---
