w_energy: 1479331
w_duration: 1246481772
w_power: 1.186805
r_energy: 1974954
r_duration: 694175612
r_power: 2.845035
---
w_energy: 1546262
w_duration: 1335953268
w_power: 1.157422
r_energy: 1448066
r_duration: 638157622
r_power: 2.269135
---
w_energy: 2736645
w_duration: 1223985035
w_power: 2.235848
r_energy: 895145
r_duration: 588384387
r_power: 1.521361
---
