w_energy: 38276097
w_duration: 15771398130
w_power: 2.426931
r_energy: 12999479
r_duration: 5881121315
r_power: 2.210374
---
w_energy: 39803214
w_duration: 16172699299
w_power: 2.461136
r_energy: 14512103
r_duration: 5883804811
r_power: 2.466449
---
w_energy: 38148836
w_duration: 15708965364
w_power: 2.428475
r_energy: 14595320
r_duration: 5833344528
r_power: 2.502050
---
