w_energy: 2202667979
w_duration: 952710124196
w_power: 2.312002
r_energy: 1581730001
r_duration: 589684359923
r_power: 2.682333
---
w_energy: 2214089985
w_duration: 953452306359
w_power: 2.322182
r_energy: 1593072304
r_duration: 590867749500
r_power: 2.696157
---
w_energy: 2237785380
w_duration: 953336319884
w_power: 2.347320
r_energy: 1613713632
r_duration: 591250661499
r_power: 2.729322
---
