w_energy: 4014167
w_duration: 2222644787
w_power: 1.806032
r_energy: 1956231
r_duration: 1376253693
r_power: 1.421417
---
w_energy: 4395196
w_duration: 2169253990
w_power: 2.026132
r_energy: 442743
r_duration: 1297062342
r_power: 0.341343
---
w_energy: 3629643
w_duration: 2357700256
w_power: 1.539485
r_energy: 2270075
r_duration: 1328651480
r_power: 1.708556
---
