w_energy: 13720025
w_duration: 11513783943
w_power: 1.191617
r_energy: 1527736
r_duration: 2915924264
r_power: 0.523929
---
w_energy: 13581514
w_duration: 11515103683
w_power: 1.179452
r_energy: 1219224
r_duration: 2830447938
r_power: 0.430753
---
w_energy: 13112016
w_duration: 12521073845
w_power: 1.047196
r_energy: 1295977
r_duration: 2832697929
r_power: 0.457506
---
