w_energy: 398271805
w_duration: 153767192620
w_power: 2.590096
r_energy: 188715835
r_duration: 69648929493
r_power: 2.709530
---
w_energy: 398739115
w_duration: 154095457945
w_power: 2.587611
r_energy: 184453163
r_duration: 193961613427
r_power: 0.950978
---
w_energy: 394738023
w_duration: 153367854596
w_power: 2.573799
r_energy: 186531471
r_duration: 90727182681
r_power: 2.055960
---
