w_energy: 133196
w_duration: 687995388
w_power: 0.193600
r_energy: 873810
r_duration: 478789331
r_power: 1.825041
---
w_energy: 392230
w_duration: 921892473
w_power: 0.425462
r_energy: 888034
r_duration: 524220518
r_power: 1.694008
---
w_energy: 689953
w_duration: 705418091
w_power: 0.978077
r_energy: 1645555
r_duration: 512379984
r_power: 3.211591
---
