w_energy: 36402241
w_duration: 15797472897
w_power: 2.304308
r_energy: 21726671
r_duration: 9392914349
r_power: 2.313092
---
w_energy: 37732410
w_duration: 15774184209
w_power: 2.392036
r_energy: 21545869
r_duration: 9433602073
r_power: 2.283949
---
w_energy: 35871601
w_duration: 15797497442
w_power: 2.270714
r_energy: 23668267
r_duration: 9467371789
r_power: 2.499983
---
