w_energy: 93187513
w_duration: 113776293646
w_power: 0.819042
r_energy: 42250008
r_duration: 17728761485
r_power: 2.383134
---
w_energy: 91125652
w_duration: 112950582554
w_power: 0.806775
r_energy: 37922424
r_duration: 19752355776
r_power: 1.919894
---
w_energy: 93708430
w_duration: 114009932394
w_power: 0.821932
r_energy: 40112072
r_duration: 18651349639
r_power: 2.150626
---
