w_energy: 3050895
w_duration: 2312411220
w_power: 1.319357
r_energy: 1143686
r_duration: 1174736731
r_power: 0.973568
---
w_energy: 3172464
w_duration: 2325584995
w_power: 1.364157
r_energy: 1562283
r_duration: 1199341781
r_power: 1.302617
---
w_energy: 2551504
w_duration: 2201539683
w_power: 1.158963
r_energy: 2033040
r_duration: 1213891396
r_power: 1.674812
---
