w_energy: 3117041668
w_duration: 1194309067961
w_power: 2.609912
r_energy: 1943482402
r_duration: 708700253324
r_power: 2.742319
---
w_energy: 3118179078
w_duration: 1191968638960
w_power: 2.615991
r_energy: 1950006340
r_duration: 709446619854
r_power: 2.748630
---
w_energy: 3108403873
w_duration: 1189669733347
w_power: 2.612829
r_energy: 1940014739
r_duration: 708093103813
r_power: 2.739774
---
