w_energy: 80440130
w_duration: 89570062706
w_power: 0.898069
r_energy: 29101452
r_duration: 13193798771
r_power: 2.205692
---
w_energy: 106289413
w_duration: 97792158801
w_power: 1.086891
r_energy: 30091512
r_duration: 13452102700
r_power: 2.236937
---
w_energy: 127417732
w_duration: 104831293319
w_power: 1.215455
r_energy: 33279178
r_duration: 12619993103
r_power: 2.637020
---
