w_energy: 782736
w_duration: 1045747336
w_power: 0.748494
r_energy: 1145558
r_duration: 698116323
r_power: 1.640927
---
w_energy: 1098023
w_duration: 966854685
w_power: 1.135665
r_energy: 1497032
r_duration: 637436082
r_power: 2.348521
---
w_energy: 4188801
w_duration: 1065894732
w_power: 3.929845
r_energy: 0
r_duration: 662225965
r_power: 0.000000
---
