w_energy: 121349945
w_duration: 62322446654
w_power: 1.947131
r_energy: 113802634
r_duration: 78307479957
r_power: 1.453279
---
w_energy: 122997147
w_duration: 62163543023
w_power: 1.978606
r_energy: 114985641
r_duration: 45096624486
r_power: 2.549762
---
w_energy: 123795598
w_duration: 62799565577
w_power: 1.971281
r_energy: 115474619
r_duration: 60107057944
r_power: 1.921149
---
