w_energy: 50763493
w_duration: 23987008215
w_power: 2.116291
r_energy: 35465679
r_duration: 15155019099
r_power: 2.340194
---
w_energy: 53386058
w_duration: 24175380734
w_power: 2.208282
r_energy: 35889203
r_duration: 15326345803
r_power: 2.341667
---
w_energy: 53726715
w_duration: 23821618550
w_power: 2.255376
r_energy: 34984445
r_duration: 15263736609
r_power: 2.291997
---
