w_energy: 463851
w_duration: 964585033
w_power: 0.480881
r_energy: 1224868
r_duration: 603735688
r_power: 2.028815
---
w_energy: 973857
w_duration: 912957731
w_power: 1.066705
r_energy: 1068551
r_duration: 846212217
r_power: 1.262746
---
w_energy: 1328731
w_duration: 791417328
w_power: 1.678926
r_energy: 976787
r_duration: 552608599
r_power: 1.767593
---
