w_energy: 39208285
w_duration: 18479612864
w_power: 2.121705
r_energy: 10924042
r_duration: 4548477233
r_power: 2.401692
---
w_energy: 39139243
w_duration: 17982857769
w_power: 2.176475
r_energy: 10378020
r_duration: 13574829677
r_power: 0.764505
---
w_energy: 40046658
w_duration: 18163890431
w_power: 2.204740
r_energy: 10489301
r_duration: 4676122052
r_power: 2.243162
---
