w_energy: 1019035
w_duration: 1390791324
w_power: 0.732702
r_energy: 1809659
r_duration: 885287409
r_power: 2.044149
---
w_energy: 2043556
w_duration: 1504537912
w_power: 1.358262
r_energy: 1172652
r_duration: 831162648
r_power: 1.410857
---
w_energy: 2042527
w_duration: 1480726701
w_power: 1.379409
r_energy: 688496
r_duration: 901010278
r_power: 0.764138
---
