w_energy: 1925048
w_duration: 1596731161
w_power: 1.205618
r_energy: 585078
r_duration: 867504278
r_power: 0.674438
---
w_energy: 2423350
w_duration: 1489452869
w_power: 1.627007
r_energy: 632771
r_duration: 757123483
r_power: 0.835757
---
w_energy: 3035222
w_duration: 1340525507
w_power: 2.264203
r_energy: 1294278
r_duration: 700666355
r_power: 1.847210
---
