w_energy: 33796720
w_duration: 14416973510
w_power: 2.344231
r_energy: 26718512
r_duration: 10516872703
r_power: 2.540538
---
w_energy: 36379603
w_duration: 14755657258
w_power: 2.465468
r_energy: 26548040
r_duration: 10907313012
r_power: 2.433967
---
w_energy: 35633830
w_duration: 14279832242
w_power: 2.495396
r_energy: 25807683
r_duration: 10531880883
r_power: 2.450434
---
