w_energy: 8627109
w_duration: 7435555787
w_power: 1.160251
r_energy: 708798
r_duration: 1488812132
r_power: 0.476083
---
w_energy: 7660018
w_duration: 7130867928
w_power: 1.074206
r_energy: 1156790
r_duration: 1480889782
r_power: 0.781145
---
w_energy: 7797726
w_duration: 7349309581
w_power: 1.061015
r_energy: 1182762
r_duration: 1475433701
r_power: 0.801637
---
