w_energy: 243958265
w_duration: 127489793439
w_power: 1.913551
r_energy: 118893726
r_duration: 44821110878
r_power: 2.652628
---
w_energy: 243916317
w_duration: 126921016893
w_power: 1.921796
r_energy: 118730117
r_duration: 132361881612
r_power: 0.897011
---
w_energy: 244465931
w_duration: 128645839122
w_power: 1.900302
r_energy: 120737173
r_duration: 44889811459
r_power: 2.689634
---
