w_energy: 39526244
w_duration: 18672511469
w_power: 2.116815
r_energy: 22256841
r_duration: 9113233544
r_power: 2.442255
---
w_energy: 38235005
w_duration: 18708567995
w_power: 2.043716
r_energy: 23290281
r_duration: 9110006951
r_power: 2.556560
---
w_energy: 39173081
w_duration: 18431194166
w_power: 2.125369
r_energy: 21526941
r_duration: 9099975476
r_power: 2.365604
---
