w_energy: 4805462
w_duration: 2900216761
w_power: 1.656932
r_energy: 4187607
r_duration: 2171841569
r_power: 1.928136
---
w_energy: 5924748
w_duration: 3616157590
w_power: 1.638410
r_energy: 4059298
r_duration: 2059153138
r_power: 1.971343
---
w_energy: 4944008
w_duration: 2927521320
w_power: 1.688803
r_energy: 4829159
r_duration: 2347279800
r_power: 2.057343
---
