w_energy: 388741130
w_duration: 151194801022
w_power: 2.571128
r_energy: 246150647
r_duration: 94216577144
r_power: 2.612604
---
w_energy: 380243616
w_duration: 150097736642
w_power: 2.533307
r_energy: 241969717
r_duration: 90945691123
r_power: 2.660596
---
w_energy: 384859046
w_duration: 151701514294
w_power: 2.536949
r_energy: 242157250
r_duration: 91486562654
r_power: 2.646916
---
