w_energy: 244648818
w_duration: 156645667200
w_power: 1.561798
r_energy: 112356416
r_duration: 43942237148
r_power: 2.556912
---
w_energy: 206340490
w_duration: 147262239587
w_power: 1.401177
r_energy: 111014232
r_duration: 43100594615
r_power: 2.575701
---
w_energy: 226551200
w_duration: 151034215384
w_power: 1.499999
r_energy: 112840661
r_duration: 42973938901
r_power: 2.625793
---
