w_energy: 525541
w_duration: 434104201
w_power: 1.210633
r_energy: 0
r_duration: 329637286
r_power: 0.000000
---
w_energy: 348079
w_duration: 442357716
w_power: 0.786872
r_energy: 352464
r_duration: 504217352
r_power: 0.699032
---
w_energy: 459231
w_duration: 500755222
w_power: 0.917077
r_energy: 868241
r_duration: 537346087
r_power: 1.615795
---
