w_energy: 887456420
w_duration: 422137325400
w_power: 2.102293
r_energy: 534590119
r_duration: 196608879369
r_power: 2.719054
---
w_energy: 888021662
w_duration: 421946233391
w_power: 2.104585
r_energy: 536647667
r_duration: 196445147205
r_power: 2.731794
---
w_energy: 892660340
w_duration: 420888492822
w_power: 2.120895
r_energy: 535595631
r_duration: 196059878552
r_power: 2.731796
---
