w_energy: 39404855
w_duration: 18033983932
w_power: 2.185033
r_energy: 19412737
r_duration: 8150284752
r_power: 2.381848
---
w_energy: 38478904
w_duration: 17839573197
w_power: 2.156941
r_energy: 17961561
r_duration: 8158695773
r_power: 2.201524
---
w_energy: 38988818
w_duration: 17521467832
w_power: 2.225203
r_energy: 18283582
r_duration: 8078061797
r_power: 2.263362
---
