w_energy: 286148723
w_duration: 120673441099
w_power: 2.371265
r_energy: 204308727
r_duration: 78368629457
r_power: 2.607022
---
w_energy: 285872912
w_duration: 121621049495
w_power: 2.350522
r_energy: 205937798
r_duration: 92587761889
r_power: 2.224244
---
w_energy: 285674178
w_duration: 121152235687
w_power: 2.357977
r_energy: 207138983
r_duration: 77525274149
r_power: 2.671890
---
