w_energy: 585940
w_duration: 514243811
w_power: 1.139421
r_energy: 336023
r_duration: 532235485
r_power: 0.631343
---
w_energy: 48289
w_duration: 518965104
w_power: 0.093049
r_energy: 131581
r_duration: 421102557
r_power: 0.312468
---
w_energy: 414204
w_duration: 518676602
w_power: 0.798579
r_energy: 288644
r_duration: 428577445
r_power: 0.673493
---
