w_energy: 1146727
w_duration: 490997243
w_power: 2.335506
r_energy: 383271
r_duration: 593981668
r_power: 0.645257
---
w_energy: 0
w_duration: 458409205
w_power: 0.000000
r_energy: 346009
r_duration: 448354871
r_power: 0.771730
---
w_energy: 0
w_duration: 482131504
w_power: 0.000000
r_energy: 735158
r_duration: 404372747
r_power: 1.818021
---
