w_energy: 805789
w_duration: 983850119
w_power: 0.819016
r_energy: 1110917
r_duration: 893985080
r_power: 1.242657
---
w_energy: 1344520
w_duration: 967731645
w_power: 1.389352
r_energy: 892879
r_duration: 841070489
r_power: 1.061598
---
w_energy: 1360534
w_duration: 1088496344
w_power: 1.249921
r_energy: 1963123
r_duration: 1056858844
r_power: 1.857507
---
