w_energy: 10259690
w_duration: 3784681963
w_power: 2.710846
r_energy: 2313927
r_duration: 1708917981
r_power: 1.354030
---
w_energy: 9116895
w_duration: 3767582999
w_power: 2.419826
r_energy: 3749015
r_duration: 1595093619
r_power: 2.350342
---
w_energy: 7172913
w_duration: 3599712875
w_power: 1.992635
r_energy: 3958146
r_duration: 1479115925
r_power: 2.676021
---
