w_energy: 57852099
w_duration: 76110157567
w_power: 0.760110
r_energy: 24649475
r_duration: 15203811737
r_power: 1.621269
---
w_energy: 74172063
w_duration: 78877040558
w_power: 0.940350
r_energy: 30138088
r_duration: 11843718004
r_power: 2.544648
---
w_energy: 56063635
w_duration: 73887064387
w_power: 0.758775
r_energy: 30230277
r_duration: 11968139570
r_power: 2.525896
---
