w_energy: 3298946485
w_duration: 1230559600967
w_power: 2.680851
r_energy: 1529285398
r_duration: 551585722420
r_power: 2.772525
---
w_energy: 3244812846
w_duration: 1231720240086
w_power: 2.634375
r_energy: 1491843154
r_duration: 551203796708
r_power: 2.706518
---
w_energy: 3284678793
w_duration: 1230364429579
w_power: 2.669680
r_energy: 1505247971
r_duration: 565984803173
r_power: 2.659520
---
