w_energy: 71859335
w_duration: 109833126171
w_power: 0.654259
r_energy: 48291889
r_duration: 19028755375
r_power: 2.537838
---
w_energy: 121991157
w_duration: 102882710525
w_power: 1.185730
r_energy: 54210742
r_duration: 20941998502
r_power: 2.588614
---
w_energy: 76022817
w_duration: 108865330702
w_power: 0.698320
r_energy: 45578480
r_duration: 18818287220
r_power: 2.422031
---
