w_energy: 350741
w_duration: 741624126
w_power: 0.472936
r_energy: 1137388
r_duration: 350306141
r_power: 3.246840
---
w_energy: 555148
w_duration: 746590193
w_power: 0.743578
r_energy: 929557
r_duration: 503565967
r_power: 1.845949
---
w_energy: 297613
w_duration: 669548323
w_power: 0.444498
r_energy: 649655
r_duration: 386422353
r_power: 1.681205
---
