w_energy: 723104
w_duration: 592162272
w_power: 1.221125
r_energy: 982590
r_duration: 421381196
r_power: 2.331832
---
w_energy: 595586
w_duration: 632060130
w_power: 0.942293
r_energy: 425606
r_duration: 425173871
r_power: 1.001016
---
w_energy: 366793
w_duration: 666315268
w_power: 0.550480
r_energy: 290462
r_duration: 459236342
r_power: 0.632489
---
