w_energy: 712050751
w_duration: 331020161810
w_power: 2.151080
r_energy: 471621731
r_duration: 175166001631
r_power: 2.692427
---
w_energy: 714361717
w_duration: 331284745422
w_power: 2.156337
r_energy: 473066091
r_duration: 175824591455
r_power: 2.690557
---
w_energy: 710276229
w_duration: 331658844318
w_power: 2.141587
r_energy: 476020774
r_duration: 176115202412
r_power: 2.702894
---
