w_energy: 7301343
w_duration: 3605122157
w_power: 2.025269
r_energy: 4125707
r_duration: 1486423255
r_power: 2.775594
---
w_energy: 7657164
w_duration: 3543464101
w_power: 2.160926
r_energy: 4528364
r_duration: 1555965443
r_power: 2.910324
---
w_energy: 7539063
w_duration: 3631946252
w_power: 2.075764
r_energy: 4066383
r_duration: 1482413564
r_power: 2.743083
---
