w_energy: 1805890
w_duration: 1137839115
w_power: 1.587122
r_energy: 1056946
r_duration: 569857936
r_power: 1.854753
---
w_energy: 1216080
w_duration: 1236417269
w_power: 0.983551
r_energy: 1960390
r_duration: 701436078
r_power: 2.794823
---
w_energy: 1318619
w_duration: 1233713588
w_power: 1.068821
r_energy: 1856097
r_duration: 637611567
r_power: 2.911015
---
