w_energy: 2905071
w_duration: 1429312628
w_power: 2.032495
r_energy: 932225
r_duration: 839752001
r_power: 1.110119
---
w_energy: 2555502
w_duration: 1261374050
w_power: 2.025967
r_energy: 979460
r_duration: 794277383
r_power: 1.233146
---
w_energy: 1833135
w_duration: 1543927940
w_power: 1.187319
r_energy: 1988089
r_duration: 832808926
r_power: 2.387209
---
