w_energy: 665663693
w_duration: 309954049926
w_power: 2.147621
r_energy: 427935655
r_duration: 157177012659
r_power: 2.722635
---
w_energy: 662418029
w_duration: 306951824866
w_power: 2.158052
r_energy: 424722710
r_duration: 156846914985
r_power: 2.707881
---
w_energy: 666470661
w_duration: 311152791040
w_power: 2.141940
r_energy: 421860061
r_duration: 156540486278
r_power: 2.694894
---
