w_energy: 846929778
w_duration: 393177021548
w_power: 2.154067
r_energy: 534477301
r_duration: 196401045186
r_power: 2.721357
---
w_energy: 849686016
w_duration: 394956930465
w_power: 2.151338
r_energy: 534837949
r_duration: 196850144113
r_power: 2.716980
---
w_energy: 834256894
w_duration: 394362870278
w_power: 2.115455
r_energy: 530063797
r_duration: 196267707717
r_power: 2.700718
---
