w_energy: 3563179
w_duration: 1934073027
w_power: 1.842319
r_energy: 2164082
r_duration: 1239211473
r_power: 1.746338
---
w_energy: 3273553
w_duration: 1867882500
w_power: 1.752548
r_energy: 2428576
r_duration: 1287673555
r_power: 1.886018
---
w_energy: 3330083
w_duration: 2161043433
w_power: 1.540961
r_energy: 1700803
r_duration: 1235045022
r_power: 1.377118
---
