w_energy: 1239776
w_duration: 1104541254
w_power: 1.122435
r_energy: 802116
r_duration: 614426200
r_power: 1.305472
---
w_energy: 2971175
w_duration: 1102051082
w_power: 2.696041
r_energy: 0
r_duration: 646916728
r_power: 0.000000
---
w_energy: 2642811
w_duration: 1047619089
w_power: 2.522683
r_energy: 0
r_duration: 565124631
r_power: 0.000000
---
