w_energy: 13383989
w_duration: 10666674794
w_power: 1.254748
r_energy: 3043680
r_duration: 3114612480
r_power: 0.977226
---
w_energy: 15155054
w_duration: 11032378723
w_power: 1.373689
r_energy: 2238221
r_duration: 2929578579
r_power: 0.764008
---
w_energy: 14530991
w_duration: 12347623396
w_power: 1.176825
r_energy: 2095388
r_duration: 3109409399
r_power: 0.673886
---
