w_energy: 3710694
w_duration: 2860611655
w_power: 1.297168
r_energy: 4420829
r_duration: 2404646147
r_power: 1.838453
---
w_energy: 4823676
w_duration: 2982920461
w_power: 1.617098
r_energy: 2443567
r_duration: 2344011466
r_power: 1.042472
---
w_energy: 4629589
w_duration: 2989718546
w_power: 1.548503
r_energy: 3903697
r_duration: 2238642957
r_power: 1.743778
---
