w_energy: 1577431
w_duration: 1231659912
w_power: 1.280736
r_energy: 978243
r_duration: 751778826
r_power: 1.301238
---
w_energy: 1818474
w_duration: 1267946554
w_power: 1.434188
r_energy: 1073739
r_duration: 658987465
r_power: 1.629377
---
w_energy: 1200053
w_duration: 1370730806
w_power: 0.875484
r_energy: 722620
r_duration: 682780754
r_power: 1.058349
---
