w_energy: 110403944
w_duration: 52530714439
w_power: 2.101703
r_energy: 66232355
r_duration: 58918940266
r_power: 1.124127
---
w_energy: 107110497
w_duration: 52453535404
w_power: 2.042007
r_energy: 64173894
r_duration: 25109651094
r_power: 2.555746
---
w_energy: 110304544
w_duration: 52932778381
w_power: 2.083861
r_energy: 66701630
r_duration: 25327716983
r_power: 2.633543
---
