w_energy: 10850026
w_duration: 8119404028
w_power: 1.336308
r_energy: 1611130
r_duration: 1952577859
r_power: 0.825130
---
w_energy: 10620866
w_duration: 8545744727
w_power: 1.242825
r_energy: 1714200
r_duration: 1929196412
r_power: 0.888556
---
w_energy: 11001313
w_duration: 8703045823
w_power: 1.264076
r_energy: 1616842
r_duration: 1901143008
r_power: 0.850458
---
