w_energy: 110254378
w_duration: 52879288826
w_power: 2.085020
r_energy: 49613957
r_duration: 20113251175
r_power: 2.466730
---
w_energy: 109213018
w_duration: 53144876106
w_power: 2.055006
r_energy: 52626255
r_duration: 20268470082
r_power: 2.596459
---
w_energy: 112168141
w_duration: 52409590815
w_power: 2.140222
r_energy: 50505775
r_duration: 20015457741
r_power: 2.523338
---
