w_energy: 19940123
w_duration: 15653540639
w_power: 1.273841
r_energy: 3412343
r_duration: 3467890790
r_power: 0.983982
---
w_energy: 19200143
w_duration: 15538401479
w_power: 1.235658
r_energy: 4120374
r_duration: 4920096710
r_power: 0.837458
---
w_energy: 18653208
w_duration: 15758483212
w_power: 1.183693
r_energy: 3293325
r_duration: 3884181133
r_power: 0.847881
---
