w_energy: 2303331128
w_duration: 920720934263
w_power: 2.501660
r_energy: 1497434942
r_duration: 550742092136
r_power: 2.718940
---
w_energy: 2309619757
w_duration: 920224512741
w_power: 2.509844
r_energy: 1503391270
r_duration: 552450794310
r_power: 2.721313
---
w_energy: 2297598241
w_duration: 917342324735
w_power: 2.504625
r_energy: 1497624273
r_duration: 549911971466
r_power: 2.723389
---
