w_energy: 106725563
w_duration: 49197190850
w_power: 2.169343
r_energy: 66517233
r_duration: 25618736746
r_power: 2.596429
---
w_energy: 109191797
w_duration: 48970210976
w_power: 2.229760
r_energy: 65682500
r_duration: 25480014473
r_power: 2.577805
---
w_energy: 107822072
w_duration: 49155907193
w_power: 2.193471
r_energy: 67438673
r_duration: 25697431502
r_power: 2.624335
---
