w_energy: 39851334
w_duration: 18727232155
w_power: 2.127988
r_energy: 16890667
r_duration: 7072755952
r_power: 2.388131
---
w_energy: 40652145
w_duration: 19618646660
w_power: 2.072118
r_energy: 17465636
r_duration: 6814567742
r_power: 2.562985
---
w_energy: 39489869
w_duration: 18397262791
w_power: 2.146508
r_energy: 16615218
r_duration: 6797094823
r_power: 2.444459
---
