w_energy: 55558047
w_duration: 67129892235
w_power: 0.827620
r_energy: 18372827
r_duration: 9068028594
r_power: 2.026110
---
w_energy: 53726946
w_duration: 67047830076
w_power: 0.801323
r_energy: 22567986
r_duration: 9193913302
r_power: 2.454666
---
w_energy: 68720923
w_duration: 69481361346
w_power: 0.989056
r_energy: 18701588
r_duration: 9044286714
r_power: 2.067779
---
