wo_energy: 8944330.000000
wo_duration: 27013922156.000000
wo_power: 0.331101
---
wi_energy: 3992864.000000
wi_duration: 5018541002.000000
wi_power: 0.795622
---
---
wo_energy: 9333029.000000
wo_duration: 24346026084.000000
wo_power: 0.383349
---
wi_energy: 4644848.000000
wi_duration: 5004779941.000000
wi_power: 0.928082
---
---
wo_energy: 8579357.000000
wo_duration: 27392145305.000000
wo_power: 0.313205
---
wi_energy: 3626382.000000
wi_duration: 5029419452.000000
wi_power: 0.721034
---
---
