wo_energy: 108604748.000000
wo_duration: 510798148229.000000
wo_power: 0.212618
---
wi_energy: 9462532.000000
wi_duration: 5010998075.000000
wi_power: 1.888353
---
---
wo_energy: 107929503.000000
wo_duration: 506959031805.000000
wo_power: 0.212896
---
wi_energy: 9898070.000000
wi_duration: 5097181564.000000
wi_power: 1.941871
---
---
wo_energy: 107885576.000000
wo_duration: 506079575888.000000
wo_power: 0.213179
---
wi_energy: 9995351.000000
wi_duration: 5101328830.000000
wi_power: 1.959362
---
---
