wo_energy: 9196630.000000
wo_duration: 24958047932.000000
wo_power: 0.368484
---
wi_energy: 4561251.000000
wi_duration: 5074953822.000000
wi_power: 0.898777
---
---
wo_energy: 8561115.000000
wo_duration: 17259953579.000000
wo_power: 0.496010
---
wi_energy: 5518765.000000
wi_duration: 5009128797.000000
wi_power: 1.101741
---
---
wo_energy: 8596083.000000
wo_duration: 19715544477.000000
wo_power: 0.436005
---
wi_energy: 5031718.000000
wi_duration: 5156654274.000000
wi_power: 0.975772
---
---
